-3.300000000000000000e+01 8.905902735932613506e-04
-3.289999999999999858e+01 9.197684972605202564e-04
-3.279999999999999716e+01 3.466024786757770752e-03
-3.269999999999999574e+01 9.896785806631669836e-04
-3.259999999999999432e+01 3.080965487879438851e-03
-3.249999999999999289e+01 1.188812405582666612e-02
-3.239999999999999147e+01 4.262795090653526131e-03
-3.229999999999999005e+01 5.411774926437828634e-03
-3.219999999999998863e+01 1.123325457483588183e-02
-3.209999999999998721e+01 6.111155044982297460e-03
-3.199999999999998579e+01 1.134993597793254507e-03
-3.189999999999998437e+01 2.105668252916075359e-02
-3.179999999999998295e+01 5.158440391533077041e-02
-3.169999999999998153e+01 2.199655298827565136e-02
-3.159999999999998010e+01 2.270903787575662068e-05
-3.149999999999997868e+01 1.053888857486526796e-02
-3.139999999999997726e+01 4.286502373070107119e-02
-3.129999999999997584e+01 1.617129975109037401e-02
-3.119999999999997442e+01 7.859204613669134448e-03
-3.109999999999997300e+01 1.972183097705055774e-02
-3.099999999999997158e+01 1.072957658434461371e-02
-3.089999999999997016e+01 7.620115640065705520e-03
-3.079999999999996874e+01 3.881153095790068619e-03
-3.069999999999996732e+01 2.618171386711764907e-03
-3.059999999999996589e+01 8.530010849790414448e-03
-3.049999999999996447e+01 5.107617320754797782e-03
-3.039999999999996305e+01 1.397922143223695500e-03
-3.029999999999996163e+01 2.716443850658833981e-04
-3.019999999999996021e+01 1.791747874804059532e-02
-3.009999999999995879e+01 7.754698482312960550e-02
-2.999999999999995737e+01 7.080004256858955791e-02
-2.989999999999995595e+01 9.893935159780084532e-02
-2.979999999999995453e+01 4.372490608657244454e-02
-2.969999999999995310e+01 9.226205875165761059e-05
-2.959999999999995168e+01 0.000000000000000000e+00
-2.949999999999995026e+01 3.871825174428522587e-05
-2.939999999999994884e+01 6.281066508563526657e-04
-2.929999999999994742e+01 2.000258094898299706e-03
-2.919999999999994600e+01 1.020814327421248847e-03
-2.909999999999994458e+01 9.245477354852482893e-04
-2.899999999999994316e+01 5.421081441454589367e-04
-2.889999999999994174e+01 7.287039761649793945e-05
-2.879999999999994031e+01 1.878976447551394899e-03
-2.869999999999993889e+01 5.028095031866542178e-03
-2.859999999999993747e+01 2.501101966117857955e-03
-2.849999999999993605e+01 2.035571228861954469e-03
-2.839999999999993463e+01 6.441018713667289938e-03
-2.829999999999993321e+01 8.279412886145110298e-03
-2.819999999999993179e+01 5.173054999249871062e-03
-2.809999999999993037e+01 3.623085661456570787e-03
-2.799999999999992895e+01 6.797364271551487210e-03
-2.789999999999992752e+01 1.047613651971914840e-02
-2.779999999999992610e+01 7.199226703960448503e-03
-2.769999999999992468e+01 4.952033194422255855e-03
-2.759999999999992326e+01 8.606396950199268758e-03
-2.749999999999992184e+01 4.429620875453110611e-03
-2.739999999999992042e+01 9.041472436365438842e-04
-2.729999999999991900e+01 5.139070395671297082e-04
-2.719999999999991758e+01 8.437919907009927990e-04
-2.709999999999991616e+01 2.993830021296162158e-04
-2.699999999999991473e+01 0.000000000000000000e+00
-2.689999999999991331e+01 1.832602781405512306e-04
-2.679999999999991189e+01 5.378562476835213385e-04
-2.669999999999991047e+01 1.210682698447271798e-02
-2.659999999999990905e+01 1.283273818873567618e-01
-2.649999999999990763e+01 4.561623284243978560e-01
-2.639999999999990621e+01 7.604640550911426766e-01
-2.629999999999990479e+01 1.508236611634492963e+00
-2.619999999999990337e+01 2.398414641618728638e+00
-2.609999999999990195e+01 3.511823603510856540e+00
-2.599999999999990052e+01 4.601230493187904003e+00
-2.589999999999989910e+01 5.209999382495880127e+00
-2.579999999999989768e+01 5.125243663787841797e+00
-2.569999999999989626e+01 4.554405677318572820e+00
-2.559999999999989484e+01 3.787699115276336848e+00
-2.549999999999989342e+01 2.394646464288234800e+00
-2.539999999999989200e+01 1.469971140474080951e+00
-2.529999999999989058e+01 8.290539741516113059e-01
-2.519999999999988916e+01 3.807954825460910797e-01
-2.509999999999988773e+01 2.943591950926929823e-01
-2.499999999999988631e+01 1.546558947768062464e-01
-2.489999999999988489e+01 1.102365779934189050e-01
-2.479999999999988347e+01 5.606042520303163024e-02
-2.469999999999988205e+01 2.803595164332364081e-02
-2.459999999999988063e+01 5.162988216734447355e-02
-2.449999999999987921e+01 4.516258188959909603e-02
-2.439999999999987779e+01 6.994438107940367799e-02
-2.429999999999987637e+01 1.040032171255006743e-01
-2.419999999999987494e+01 3.030039100849535316e-01
-2.409999999999987352e+01 8.932229615747928619e-01
-2.399999999999987210e+01 1.499578174203634262e+00
-2.389999999999987068e+01 2.164856722950935453e+00
-2.379999999999986926e+01 2.787801848351955325e+00
-2.369999999999986784e+01 3.259928126633167444e+00
-2.359999999999986642e+01 3.311072571575641721e+00
-2.349999999999986500e+01 3.655211430788040339e+00
-2.339999999999986358e+01 3.609967568516731173e+00
-2.329999999999986215e+01 3.553210590779781519e+00
-2.319999999999986073e+01 3.351187948882579981e+00
-2.309999999999985931e+01 2.881731383502483368e+00
-2.299999999999985789e+01 2.245255005359649836e+00
-2.289999999999985647e+01 1.469267819821834520e+00
-2.279999999999985505e+01 8.163236297667026964e-01
-2.269999999999985363e+01 5.144454633817077127e-01
-2.259999999999985221e+01 3.292240538634360059e-01
-2.249999999999985079e+01 1.846423134491487761e-01
-2.239999999999984936e+01 9.195826367495101017e-02
-2.229999999999984794e+01 1.687601673984317954e-03
-2.219999999999984652e+01 1.653134009393397632e-03
-2.209999999999984510e+01 2.975681870884727600e-03
-2.199999999999984368e+01 4.084695101482793689e-03
-2.189999999999984226e+01 1.276205890790151933e-02
-2.179999999999984084e+01 3.624954784681903852e-02
-2.169999999999983942e+01 4.503870258122333325e-02
-2.159999999999983800e+01 8.459577627509133613e-02
-2.149999999999983658e+01 1.437698796798940748e-01
-2.139999999999983515e+01 3.063960560597479565e-01
-2.129999999999983373e+01 5.609585978090763092e-01
-2.119999999999983231e+01 1.101834305003285497e+00
-2.109999999999983089e+01 1.719155510514974505e+00
-2.099999999999982947e+01 1.930552273988723755e+00
-2.089999999999982805e+01 2.112832012772559942e+00
-2.079999999999982663e+01 1.919444359838962555e+00
-2.069999999999982521e+01 1.854842148721218109e+00
-2.059999999999982379e+01 1.911053478717803955e+00
-2.049999999999982236e+01 1.588643960654735565e+00
-2.039999999999982094e+01 1.223756304383277982e+00
-2.029999999999981952e+01 1.216948402673005969e+00
-2.019999999999981810e+01 1.007556008175015450e+00
-2.009999999999981668e+01 9.006112240254878776e-01
-1.999999999999981526e+01 7.635917678475380166e-01
-1.989999999999981384e+01 6.720086626708507982e-01
-1.979999999999981242e+01 6.703653883188962492e-01
-1.969999999999981100e+01 6.932664062827825768e-01
-1.959999999999980957e+01 7.479553058743476646e-01
-1.949999999999980815e+01 8.318933468312025292e-01
-1.939999999999980673e+01 8.202736362814903037e-01
-1.929999999999980531e+01 9.815964505076408830e-01
-1.919999999999980389e+01 1.257579354196786792e+00
-1.909999999999980247e+01 1.482787458598613828e+00
-1.899999999999980105e+01 1.796108714491128966e+00
-1.889999999999979963e+01 2.105604031682014377e+00
-1.879999999999979821e+01 2.631675818562507541e+00
-1.869999999999979678e+01 2.991439101099968134e+00
-1.859999999999979536e+01 3.368065914511680692e+00
-1.849999999999979394e+01 3.575978088378906072e+00
-1.839999999999979252e+01 3.741850799322128385e+00
-1.829999999999979110e+01 3.505715125799178988e+00
-1.819999999999978968e+01 3.412945014238357722e+00
-1.809999999999978826e+01 3.120741422474384130e+00
-1.799999999999978684e+01 3.562326160073280512e+00
-1.789999999999978542e+01 4.141675317287445424e+00
-1.779999999999978400e+01 4.700898528099060059e+00
-1.769999999999978257e+01 5.213170474767684581e+00
-1.759999999999978115e+01 5.278144410252570751e+00
-1.749999999999977973e+01 4.830464920401572826e+00
-1.739999999999977831e+01 4.366130137443542836e+00
-1.729999999999977689e+01 3.839056676626205533e+00
-1.719999999999977547e+01 3.295556926727294833e+00
-1.709999999999977405e+01 3.013685035705566229e+00
-1.699999999999977263e+01 2.847683560848236262e+00
-1.689999999999977121e+01 2.604277330636977972e+00
-1.679999999999976978e+01 2.323866951465606512e+00
-1.669999999999976836e+01 1.864472481608390853e+00
-1.659999999999976694e+01 1.476752123981714293e+00
-1.649999999999976552e+01 1.102001804858446121e+00
-1.639999999999976410e+01 1.054334107413887889e+00
-1.629999999999976268e+01 9.707891698926687241e-01
-1.619999999999976126e+01 9.294104177504778352e-01
-1.609999999999975984e+01 1.538642204552888915e+00
-1.599999999999975842e+01 2.108814673125743777e+00
-1.589999999999975699e+01 2.137710869312286377e+00
-1.579999999999975557e+01 2.103064839541912256e+00
-1.569999999999975415e+01 2.231187549233436762e+00
-1.559999999999975273e+01 2.060926400125026703e+00
-1.549999999999975131e+01 1.789858496189117520e+00
-1.539999999999974989e+01 1.529071716964244931e+00
-1.529999999999974847e+01 1.323177389055490538e+00
-1.519999999999974705e+01 1.180003528296947435e+00
-1.509999999999974563e+01 1.040033521130681038e+00
-1.499999999999974420e+01 1.321539615839719684e+00
-1.489999999999974278e+01 1.633026576787233397e+00
-1.479999999999974136e+01 1.894811213016510010e+00
-1.469999999999973994e+01 2.342020213603973389e+00
-1.459999999999973852e+01 2.642593893408775152e+00
-1.449999999999973710e+01 2.593506550788879483e+00
-1.439999999999973568e+01 2.412209664285183131e+00
-1.429999999999973426e+01 2.038336786627769293e+00
-1.419999999999973284e+01 1.465015301480889320e+00
-1.409999999999973141e+01 1.283072324842214673e+00
-1.399999999999972999e+01 1.360294962674379438e+00
-1.389999999999972857e+01 1.966012435406446546e+00
-1.379999999999972715e+01 2.716466011106967837e+00
-1.369999999999972573e+01 3.273579412698745639e+00
-1.359999999999972431e+01 3.608086651563644498e+00
-1.349999999999972289e+01 3.711253699660301386e+00
-1.339999999999972147e+01 3.940839546918868841e+00
-1.329999999999972005e+01 4.049644887447357178e+00
-1.319999999999971863e+01 4.332385572791099371e+00
-1.309999999999971720e+01 4.557891735434532521e+00
-1.299999999999971578e+01 4.761395084857940496e+00
-1.289999999999971436e+01 4.447034260630607250e+00
-1.279999999999971294e+01 4.572358977794647394e+00
-1.269999999999971152e+01 4.550142872333526434e+00
-1.259999999999971010e+01 4.835678586363792775e+00
-1.249999999999970868e+01 5.276087772846222101e+00
-1.239999999999970726e+01 5.884616410732268932e+00
-1.229999999999970584e+01 6.570842111110687611e+00
-1.219999999999970441e+01 7.281440371274948475e+00
-1.209999999999970299e+01 7.683288085460662664e+00
-1.199999999999970157e+01 8.099464416503906250e+00
-1.189999999999970015e+01 7.964653396606445668e+00
-1.179999999999969873e+01 7.911357212066650213e+00
-1.169999999999969731e+01 7.845796531438827159e+00
-1.159999999999969589e+01 7.563746416568756459e+00
-1.149999999999969447e+01 6.937006813287735163e+00
-1.139999999999969305e+01 6.271832323074340465e+00
-1.129999999999969162e+01 5.501213392615317943e+00
-1.119999999999969020e+01 4.671034064888954340e+00
-1.109999999999968878e+01 4.102862912416457952e+00
-1.099999999999968736e+01 3.890598061680793585e+00
-1.089999999999968594e+01 4.206433555483817699e+00
-1.079999999999968452e+01 5.331408536434173229e+00
-1.069999999999968310e+01 6.600448095798492787e+00
-1.059999999999968168e+01 7.768526035547256292e+00
-1.049999999999968026e+01 8.559293431043624167e+00
-1.039999999999967883e+01 9.313350450992583518e+00
-1.029999999999967741e+01 9.838491410017013550e+00
-1.019999999999967599e+01 1.032551295757293630e+01
-1.009999999999967457e+01 1.071655199527740443e+01
-9.999999999999673150e+00 1.124077658057212759e+01
-9.899999999999671729e+00 1.147370853424072301e+01
-9.799999999999670308e+00 1.201312640905380213e+01
-9.699999999999668887e+00 1.232615596055984497e+01
-9.599999999999667466e+00 1.236823751926422155e+01
-9.499999999999666045e+00 1.207675179243087804e+01
-9.399999999999664624e+00 1.139382486343383860e+01
-9.299999999999663203e+00 1.060100144147872925e+01
-9.199999999999661782e+00 9.694975668191910145e+00
-9.099999999999660361e+00 9.109862047433853860e+00
-8.999999999999658939e+00 8.734474116563797352e+00
-8.899999999999657518e+00 8.697676730155944114e+00
-8.799999999999656097e+00 8.501856315135956521e+00
-8.699999999999654676e+00 7.952962678670883356e+00
-8.599999999999653255e+00 7.391564929485321400e+00
-8.499999999999651834e+00 6.670765918493271052e+00
-8.399999999999650413e+00 5.672529539465903881e+00
-8.299999999999648992e+00 4.974254554510116222e+00
-8.199999999999647571e+00 4.566649183630943298e+00
-8.099999999999646150e+00 4.824060010910034002e+00
-7.999999999999644729e+00 5.651650452613830922e+00
-7.899999999999643308e+00 6.089795148372649791e+00
-7.799999999999641886e+00 6.313730055093765614e+00
-7.699999999999640465e+00 6.153717595338821233e+00
-7.599999999999639044e+00 5.456514886021613719e+00
-7.499999999999637623e+00 4.764196342229842784e+00
-7.399999999999636202e+00 4.024417027831077576e+00
-7.299999999999634781e+00 3.399883393943309962e+00
-7.199999999999633360e+00 2.812897890806198120e+00
-7.099999999999631939e+00 2.429706786572933375e+00
-6.999999999999630518e+00 1.902217701077461243e+00
-6.899999999999629097e+00 1.502456617355346635e+00
-6.799999999999627676e+00 1.001527007296681315e+00
-6.699999999999626255e+00 6.158677933737635168e-01
-6.599999999999624833e+00 5.454831020906567574e-01
-6.499999999999623412e+00 6.971540145576000658e-01
-6.399999999999621991e+00 1.022083531692624003e+00
-6.299999999999620570e+00 1.786749261617660567e+00
-6.199999999999619149e+00 2.994495624303817660e+00
-6.099999999999617728e+00 3.867100179195404053e+00
-5.999999999999616307e+00 4.708355349302292048e+00
-5.899999999999614886e+00 5.427286124229430797e+00
-5.799999999999613465e+00 5.886237686872481945e+00
-5.699999999999612044e+00 6.345692223310470226e+00
-5.599999999999610623e+00 6.878980660438537953e+00
-5.499999999999609201e+00 7.244304811954497936e+00
-5.399999999999607780e+00 6.970901674032210948e+00
-5.299999999999606359e+00 6.061196374893188299e+00
-5.199999999999604938e+00 5.035044503211975275e+00
-5.099999999999603517e+00 3.547344347834587186e+00
-4.999999999999602096e+00 2.232570061087608249e+00
-4.899999999999600675e+00 1.274829332903027579e+00
-4.799999999999599254e+00 8.128238033037632482e-01
-4.699999999999597833e+00 2.815313327359035833e-01
-4.599999999999596412e+00 5.121985732766916322e-02
-4.499999999999594991e+00 4.398770834905008087e-02
-4.399999999999593570e+00 3.850206559268372353e-02
-4.299999999999592148e+00 5.413752780950744498e-02
-4.199999999999590727e+00 6.109809325935202512e-02
-4.099999999999589306e+00 7.088001022639218995e-02
-3.999999999999587885e+00 1.226777953779674135e-01
-3.899999999999586464e+00 1.512268290272913984e-01
-3.799999999999585043e+00 6.528958487979252823e-02
-3.699999999999583622e+00 1.502597818471258437e-02
-3.599999999999582201e+00 8.774560158190069376e-03
-3.499999999999580780e+00 3.333795035905495665e-03
-3.399999999999579359e+00 5.238022063895187048e-03
-3.299999999999577938e+00 7.964574903553511831e-03
-3.199999999999576517e+00 2.110190202620287805e-03
-3.099999999999575095e+00 2.081229430405073973e-03
-2.999999999999573674e+00 5.367747032505576325e-03
-2.899999999999572253e+00 2.428846937982598406e-03
-2.799999999999570832e+00 8.308996199048124471e-04
-2.699999999999569411e+00 6.381076209800084706e-03
-2.599999999999567990e+00 2.064084740195539641e-02
-2.499999999999566569e+00 3.245273297370658561e-02
-2.399999999999565148e+00 1.118916480518237187e-02
-2.299999999999563727e+00 7.298813182387675624e-03
-2.199999999999562306e+00 1.650895715156366211e-02
-2.099999999999560885e+00 9.672813304860028438e-03
-1.999999999999559464e+00 4.278321851452347030e-02
-1.899999999999558042e+00 2.884530737996101601e-01
-1.799999999999556621e+00 6.403821513056755510e-01
-1.699999999999555200e+00 1.231964401900768280e+00
-1.599999999999553779e+00 2.183422090113162906e+00
-1.499999999999552358e+00 2.837951304018497378e+00
-1.399999999999550937e+00 3.310104146599769592e+00
-1.299999999999549516e+00 3.621354025602340876e+00
-1.199999999999548095e+00 4.076289349794388173e+00
-1.099999999999546674e+00 4.272227439284324468e+00
-9.999999999995452526e-01 4.559893864393234075e+00
-8.999999999995438316e-01 4.977641868591308416e+00
-7.999999999995424105e-01 5.633792343735694708e+00
-6.999999999995409894e-01 6.522260385751724066e+00
-5.999999999995395683e-01 7.282965433597564875e+00
-4.999999999995381472e-01 8.260673010349274037e+00
-3.999999999995367261e-01 9.115626990795135498e+00
-2.999999999995353051e-01 9.516043913364409690e+00
-1.999999999995338840e-01 1.029996855854988169e+01
-9.999999999953246288e-02 1.064022184610366750e+01
4.689582056016661227e-13 1.094904365539550817e+01
1.000000000004703793e-01 1.122636293172836375e+01
2.000000000004718004e-01 1.157725268602371216e+01
3.000000000004732215e-01 1.224285627603530813e+01
4.000000000004746425e-01 1.218660621643066477e+01
5.000000000004760636e-01 1.190647234916687047e+01
6.000000000004774847e-01 1.152837637662887538e+01
7.000000000004789058e-01 1.219331631660461390e+01
8.000000000004803269e-01 1.288215887546539307e+01
9.000000000004817480e-01 1.368481562137603724e+01
1.000000000000483169e+00 1.294786114692687917e+01
