-3.300000000000000000e+01 1.404448973044054583e-01
-3.289999999999999858e+01 7.753655667165730569e-03
-3.279999999999999716e+01 2.029054975927010659e-02
-3.269999999999999574e+01 4.465535218489094516e-02
-3.259999999999999432e+01 6.332077757664592021e-02
-3.249999999999999289e+01 3.291651224106317136e-02
-3.239999999999999147e+01 2.591261331956047631e-02
-3.229999999999999005e+01 2.808732619712827824e-02
-3.219999999999998863e+01 1.598721860114892326e-02
-3.209999999999998721e+01 7.449835792012891172e-03
-3.199999999999998579e+01 2.725443262947010309e-02
-3.189999999999998437e+01 1.070934842654969604e-01
-3.179999999999998295e+01 1.458049991354346264e-01
-3.169999999999998153e+01 9.385375567828305177e-02
-3.159999999999998010e+01 6.170036377647192954e-02
-3.149999999999997868e+01 7.743916664503558422e-02
-3.139999999999997726e+01 1.174223010470450412e-01
-3.129999999999997584e+01 6.865337258321232983e-02
-3.119999999999997442e+01 3.296738344401092119e-02
-3.109999999999997300e+01 3.103875644942036272e-02
-3.099999999999997158e+01 2.960629854809667533e-02
-3.089999999999997016e+01 5.156866271301169258e-02
-3.079999999999996874e+01 4.295465134067853741e-02
-3.069999999999996732e+01 4.958168377541005700e-01
-3.059999999999996589e+01 1.289947954677045372e+00
-3.049999999999996447e+01 8.472209961153567281e-01
-3.039999999999996305e+01 2.358575481013394926e-01
-3.029999999999996163e+01 5.002588541632576463e-02
-3.019999999999996021e+01 8.111233921066741959e-02
-3.009999999999995879e+01 1.524311261084949354e-01
-2.999999999999995737e+01 7.289003419758956215e-02
-2.989999999999995595e+01 5.684438998338009474e-02
-2.979999999999995453e+01 3.635619603010127598e-02
-2.969999999999995310e+01 2.650933689758176032e-02
-2.959999999999995168e+01 2.647475267232948792e-02
-2.949999999999995026e+01 3.997808053998596484e-02
-2.939999999999994884e+01 5.306975331579451283e-02
-2.929999999999994742e+01 7.789686978416283936e-02
-2.919999999999994600e+01 4.769920362567063588e-02
-2.909999999999994458e+01 4.404159593672375000e-02
-2.899999999999994316e+01 4.758169818890223973e-02
-2.889999999999994174e+01 3.509595902631190006e-02
-2.879999999999994031e+01 1.071988334128400333e-01
-2.869999999999993889e+01 2.233791213453514557e-01
-2.859999999999993747e+01 1.882300003099953711e-01
-2.849999999999993605e+01 1.012952466290516912e-01
-2.839999999999993463e+01 1.216056823302778811e-01
-2.829999999999993321e+01 9.064682810354497688e-02
-2.819999999999993179e+01 5.154344276081247039e-02
-2.809999999999993037e+01 3.120756403477116525e-02
-2.799999999999992895e+01 1.770605257441275338e-02
-2.789999999999992752e+01 3.189867583595742268e-02
-2.779999999999992610e+01 2.062134644141110432e-02
-2.769999999999992468e+01 1.145967561336874545e-02
-2.759999999999992326e+01 2.407700507108529592e-02
-2.749999999999992184e+01 2.945371903826526222e-02
-2.739999999999992042e+01 2.036116590295932935e-02
-2.729999999999991900e+01 6.245672693580672785e-02
-2.719999999999991758e+01 1.251206039483531707e-01
-2.709999999999991616e+01 7.667260431153749556e-02
-2.699999999999991473e+01 4.077117088265367478e-02
-2.689999999999991331e+01 8.544153337541501858e-02
-2.679999999999991189e+01 1.244049666890350569e-01
-2.669999999999991047e+01 9.210943586673238370e-02
-2.659999999999990905e+01 6.012249281210825247e-01
-2.649999999999990763e+01 1.255207129975315139e+00
-2.639999999999990621e+01 1.709532639831304657e+00
-2.629999999999990479e+01 2.117367995940148795e+00
-2.619999999999990337e+01 1.588452185299247477e+00
-2.609999999999990195e+01 9.473056263837498214e-01
-2.599999999999990052e+01 6.018293002335122210e-01
-2.589999999999989910e+01 2.364123384039885367e-01
-2.579999999999989768e+01 1.892802867463615202e-01
-2.569999999999989626e+01 2.036879374618001670e-01
-2.559999999999989484e+01 2.064971378096379373e-01
-2.549999999999989342e+01 2.060898546594034930e-01
-2.539999999999989200e+01 1.700954522898246168e-01
-2.529999999999989058e+01 2.871695892685238727e-01
-2.519999999999988916e+01 4.917802382185982313e-01
-2.509999999999988773e+01 4.938403469102922716e-01
-2.499999999999988631e+01 4.930344813677948190e-01
-2.489999999999988489e+01 6.296956900751320418e-01
-2.479999999999988347e+01 7.785984167977585413e-01
-2.469999999999988205e+01 1.040596093311905834e+00
-2.459999999999988063e+01 1.532590305078774584e+00
-2.449999999999987921e+01 1.513569531962275505e+00
-2.439999999999987779e+01 1.419795549809932611e+00
-2.429999999999987637e+01 1.483584586866199873e+00
-2.419999999999987494e+01 1.474633571896702078e+00
-2.409999999999987352e+01 1.539495664183050394e+00
-2.399999999999987210e+01 1.550308607630431545e+00
-2.389999999999987068e+01 1.113818713612854561e+00
-2.379999999999986926e+01 8.099014161759987562e-01
-2.369999999999986784e+01 8.535831954958849055e-01
-2.359999999999986642e+01 1.195736240940168393e+00
-2.349999999999986500e+01 1.738912837393581823e+00
-2.339999999999986358e+01 4.517818802744150375e+00
-2.329999999999986215e+01 7.539150291979312968e+00
-2.319999999999986073e+01 9.489323260188102793e+00
-2.309999999999985931e+01 1.059831650316715290e+01
-2.299999999999985789e+01 9.652267200946807790e+00
-2.289999999999985647e+01 6.745335852503776763e+00
-2.279999999999985505e+01 3.683671894371509659e+00
-2.269999999999985363e+01 1.114696441916748881e+00
-2.259999999999985221e+01 6.417179911606945009e-01
-2.249999999999985079e+01 4.261162448065442532e-01
-2.239999999999984936e+01 3.323686320473279721e-01
-2.229999999999984794e+01 2.542626487882808095e-01
-2.219999999999984652e+01 4.337999835687423866e-01
-2.209999999999984510e+01 6.814812845177948830e-01
-2.199999999999984368e+01 9.464331053383648884e-01
-2.189999999999984226e+01 1.278305028490722250e+00
-2.179999999999984084e+01 1.372668755911290672e+00
-2.169999999999983942e+01 1.515279014892876086e+00
-2.159999999999983800e+01 2.223896011933684136e+00
-2.149999999999983658e+01 2.991937018260359959e+00
-2.139999999999983515e+01 3.352807328701019163e+00
-2.129999999999983373e+01 3.919233119487762540e+00
-2.119999999999983231e+01 3.931884301751852107e+00
-2.109999999999983089e+01 3.633950585573911596e+00
-2.099999999999982947e+01 3.698862571120262288e+00
-2.089999999999982805e+01 5.861133949458599446e+00
-2.079999999999982663e+01 7.932011700272560084e+00
-2.069999999999982521e+01 9.438376871943473745e+00
-2.059999999999982379e+01 1.074015206158161106e+01
-2.049999999999982236e+01 1.067860547482967348e+01
-2.039999999999982094e+01 7.692607896029949544e+00
-2.029999999999981952e+01 5.240878724157810531e+00
-2.019999999999981810e+01 3.997795872688293617e+00
-2.009999999999981668e+01 3.832685344815254247e+00
-1.999999999999981526e+01 3.673668958246707916e+00
-1.989999999999981384e+01 3.908469245284795779e+00
-1.979999999999981242e+01 4.201066548377275112e+00
-1.969999999999981100e+01 4.652591735422610952e+00
-1.959999999999980957e+01 5.477402101159095871e+00
-1.949999999999980815e+01 6.761543796956539509e+00
-1.939999999999980673e+01 7.965501247346400859e+00
-1.929999999999980531e+01 9.476087199747562195e+00
-1.919999999999980389e+01 1.160151632249355380e+01
-1.909999999999980247e+01 1.207319498300552318e+01
-1.899999999999980105e+01 1.157453282475471568e+01
-1.889999999999979963e+01 1.204400517106056157e+01
-1.879999999999979821e+01 1.264687159180641096e+01
-1.869999999999979678e+01 1.202276619374752009e+01
-1.859999999999979536e+01 1.362548901975154791e+01
-1.849999999999979394e+01 1.478392479419708216e+01
-1.839999999999979252e+01 1.451169682323932619e+01
-1.829999999999979110e+01 1.380952041387558005e+01
-1.819999999999978968e+01 1.145785155892372131e+01
-1.809999999999978826e+01 1.092833550631999984e+01
-1.799999999999978684e+01 1.186420621931552866e+01
-1.789999999999978542e+01 1.382753794789314306e+01
-1.779999999999978400e+01 1.495692648470401842e+01
-1.769999999999978257e+01 1.567833626151084836e+01
-1.759999999999978115e+01 1.492791651010513299e+01
-1.749999999999977973e+01 1.485187877893447883e+01
-1.739999999999977831e+01 1.506336224436759963e+01
-1.729999999999977689e+01 1.600846352040767684e+01
-1.719999999999977547e+01 1.545275548219680850e+01
-1.709999999999977405e+01 1.430860843539237948e+01
-1.699999999999977263e+01 1.194770852148532825e+01
-1.689999999999977121e+01 8.916882236003875306e+00
-1.679999999999976978e+01 7.089524394273757579e+00
-1.669999999999976836e+01 6.281500313282013082e+00
-1.659999999999976694e+01 5.858186303079127910e+00
-1.649999999999976552e+01 5.706146178245544043e+00
-1.639999999999976410e+01 7.363884684145450166e+00
-1.629999999999976268e+01 8.730416083335876820e+00
-1.619999999999976126e+01 1.104463422358035984e+01
-1.609999999999975984e+01 1.250357313573360507e+01
-1.599999999999975842e+01 1.389389278352260604e+01
-1.589999999999975699e+01 1.406115396738052326e+01
-1.579999999999975557e+01 1.428542506992816996e+01
-1.569999999999975415e+01 1.339366925835609479e+01
-1.559999999999975273e+01 1.113852111935615596e+01
-1.549999999999975131e+01 8.237378586232662059e+00
-1.539999999999974989e+01 6.714927843809127772e+00
-1.529999999999974847e+01 5.711436394155025909e+00
-1.519999999999974705e+01 6.491003088355064676e+00
-1.509999999999974563e+01 6.952387856543063904e+00
-1.499999999999974420e+01 7.252154404222965312e+00
-1.489999999999974278e+01 7.235461373925208939e+00
-1.479999999999974136e+01 6.875522566735744689e+00
-1.469999999999973994e+01 6.414198667705059087e+00
-1.459999999999973852e+01 7.289124488532543467e+00
-1.449999999999973710e+01 9.408315737247466615e+00
-1.439999999999973568e+01 1.168107905626296983e+01
-1.429999999999973426e+01 1.419794636249542208e+01
-1.419999999999973284e+01 1.572146298348903670e+01
-1.409999999999973141e+01 1.679218321442603923e+01
-1.399999999999972999e+01 1.734302653193473986e+01
-1.389999999999972857e+01 1.633465565085410987e+01
-1.379999999999972715e+01 1.319425366997718818e+01
-1.369999999999972573e+01 1.005336676597595158e+01
-1.359999999999972431e+01 7.271642890572548090e+00
-1.349999999999972289e+01 6.686623313724994411e+00
-1.339999999999972147e+01 6.933769519031048212e+00
-1.329999999999972005e+01 8.516350728869438669e+00
-1.319999999999971863e+01 1.010400528669357278e+01
-1.309999999999971720e+01 1.204790770888328488e+01
-1.299999999999971578e+01 1.461767178893089358e+01
-1.289999999999971436e+01 1.541913952052593295e+01
-1.279999999999971294e+01 1.464879087150096915e+01
-1.269999999999971152e+01 1.604615026533603839e+01
-1.259999999999971010e+01 1.724784736275672969e+01
-1.249999999999970868e+01 1.519937870204448771e+01
-1.239999999999970726e+01 1.334325795769691503e+01
-1.229999999999970584e+01 1.336984303772449501e+01
-1.219999999999970441e+01 1.519803227365016873e+01
-1.209999999999970299e+01 1.716901069641113153e+01
-1.199999999999970157e+01 1.878175358295440844e+01
-1.189999999999970015e+01 2.002918510198593083e+01
-1.179999999999969873e+01 1.941952906012535252e+01
-1.169999999999969731e+01 1.831296658515930176e+01
-1.159999999999969589e+01 1.884346936821937391e+01
-1.149999999999969447e+01 1.888309507727623071e+01
-1.139999999999969305e+01 2.073607673048973155e+01
-1.129999999999969162e+01 2.363726531744003267e+01
-1.119999999999969020e+01 2.366372225880622793e+01
-1.109999999999968878e+01 2.361172818183898769e+01
-1.099999999999968736e+01 2.473028808355331520e+01
-1.089999999999968594e+01 2.418403999805450511e+01
-1.079999999999968452e+01 2.322427896022796645e+01
-1.069999999999968310e+01 2.456349039793014555e+01
-1.059999999999968168e+01 2.456292986392974953e+01
-1.049999999999968026e+01 2.382552753448486271e+01
-1.039999999999967883e+01 2.444595007538795528e+01
-1.029999999999967741e+01 2.469614850997924904e+01
-1.019999999999967599e+01 2.330347122550010752e+01
-1.009999999999967457e+01 2.364645973324775596e+01
-9.999999999999673150e+00 2.428159056544303951e+01
-9.899999999999671729e+00 2.495998281359672433e+01
-9.799999999999670308e+00 2.765638200044632100e+01
-9.699999999999668887e+00 3.094598413825035266e+01
-9.599999999999667466e+00 3.210199919462203866e+01
-9.499999999999666045e+00 3.198423820734024048e+01
-9.399999999999664624e+00 3.154429828524589396e+01
-9.299999999999663203e+00 2.925793450832366815e+01
-9.199999999999661782e+00 2.666279875636100627e+01
-9.099999999999660361e+00 2.563278470754623584e+01
-8.999999999999658939e+00 2.746633638024330182e+01
-8.899999999999657518e+00 2.932752034902572547e+01
-8.799999999999656097e+00 2.943305221080780143e+01
-8.699999999999654676e+00 2.824777215003967257e+01
-8.599999999999653255e+00 2.484545209527015786e+01
-8.499999999999651834e+00 2.020010905861854411e+01
-8.399999999999650413e+00 1.737769866704940824e+01
-8.299999999999648992e+00 1.621568528473377313e+01
-8.199999999999647571e+00 1.481475170791149054e+01
-8.099999999999646150e+00 1.517351578414440105e+01
-7.999999999999644729e+00 1.618304744482040292e+01
-7.899999999999643308e+00 1.900671526432037339e+01
-7.799999999999641886e+00 2.142344452738761973e+01
-7.699999999999640465e+00 2.546524473667144761e+01
-7.599999999999639044e+00 2.774520829081535211e+01
-7.499999999999637623e+00 2.621986472725868111e+01
-7.399999999999636202e+00 2.272968997955322124e+01
-7.299999999999634781e+00 2.024527452349662937e+01
-7.199999999999633360e+00 1.695242325663566518e+01
-7.099999999999631939e+00 1.483711568176746454e+01
-6.999999999999630518e+00 1.238703735768794978e+01
-6.899999999999629097e+00 1.148641213774681091e+01
-6.799999999999627676e+00 1.090310470402240739e+01
-6.699999999999626255e+00 1.238070323824882557e+01
-6.599999999999624833e+00 1.421973759829998052e+01
-6.499999999999623412e+00 1.652479939162731171e+01
-6.399999999999621991e+00 1.736641944289207373e+01
-6.299999999999620570e+00 1.688001915574073664e+01
-6.199999999999619149e+00 1.537164487183093975e+01
-6.099999999999617728e+00 1.450340197384357488e+01
-5.999999999999616307e+00 1.306707258880138411e+01
-5.899999999999614886e+00 1.184330831229686787e+01
-5.799999999999613465e+00 9.174004032611847492e+00
-5.699999999999612044e+00 7.486781682372093627e+00
-5.599999999999610623e+00 5.874173206984997009e+00
-5.499999999999609201e+00 5.005575417131185922e+00
-5.399999999999607780e+00 4.417498355507850860e+00
-5.299999999999606359e+00 3.781966426521539582e+00
-5.199999999999604938e+00 4.283219484463334226e+00
-5.099999999999603517e+00 4.840920220464467683e+00
-4.999999999999602096e+00 6.534637531787157450e+00
-4.899999999999600675e+00 8.470670954287051302e+00
-4.799999999999599254e+00 9.268613605797291655e+00
-4.699999999999597833e+00 8.062281022369861105e+00
-4.599999999999596412e+00 8.663123197853565216e+00
-4.499999999999594991e+00 9.136922841072083301e+00
-4.399999999999593570e+00 6.320811529755592240e+00
-4.299999999999592148e+00 3.450756143331527692e+00
-4.199999999999590727e+00 3.669226712733506979e+00
-4.099999999999589306e+00 2.481719425730407380e+00
-3.999999999999587885e+00 1.295559192337095711e+00
-3.899999999999586464e+00 9.017904273793101444e-01
-3.799999999999585043e+00 6.899253068864346083e-01
-3.699999999999583622e+00 3.522176880598999471e-01
-3.599999999999582201e+00 3.019449231447651760e-01
-3.499999999999580780e+00 2.753635299997403973e-01
-3.399999999999579359e+00 1.918203347548842475e-01
-3.299999999999577938e+00 1.388266701009706616e-01
-3.199999999999576517e+00 8.777838993192745021e-02
-3.099999999999575095e+00 4.848975631548455706e-02
-2.999999999999573674e+00 9.417962286956026163e-02
-2.899999999999572253e+00 2.174227641024663038e-01
-2.799999999999570832e+00 1.916848358619608894e-01
-2.699999999999569411e+00 4.304206492949742557e-01
-2.599999999999567990e+00 8.219981123763137054e-01
-2.499999999999566569e+00 5.718965089693665016e-01
-2.399999999999565148e+00 4.950842926109907949e-01
-2.299999999999563727e+00 6.413306527119130296e-01
-2.199999999999562306e+00 8.947023517172784102e-01
-2.099999999999560885e+00 1.281075103445910024e+00
-1.999999999999559464e+00 1.133749169791117284e+00
-1.899999999999558042e+00 1.946504753977060354e+00
-1.799999999999556621e+00 3.175017144382000112e+00
-1.699999999999555200e+00 3.359428791552781846e+00
-1.599999999999553779e+00 4.123519660383462515e+00
-1.499999999999552358e+00 4.618063205182552089e+00
-1.399999999999550937e+00 5.058421269059181213e+00
-1.299999999999549516e+00 5.961499464511871516e+00
-1.199999999999548095e+00 7.055067922174930395e+00
-1.099999999999546674e+00 7.629029172062874231e+00
-9.999999999995452526e-01 9.369210246205330606e+00
-8.999999999995438316e-01 1.088598323404788992e+01
-7.999999999995424105e-01 1.234260109841823549e+01
-6.999999999995409894e-01 1.369406248986721053e+01
-5.999999999995395683e-01 1.535819138944149032e+01
-4.999999999995381472e-01 1.754231495022773757e+01
-3.999999999995367261e-01 1.921102598667144790e+01
-2.999999999995353051e-01 2.017852205276489386e+01
-1.999999999995338840e-01 2.218314688920974831e+01
-9.999999999953246288e-02 2.188070955276489116e+01
4.689582056016661227e-13 2.275523906350135661e+01
1.000000000004703793e-01 2.264546198964119128e+01
2.000000000004718004e-01 2.093312448501587042e+01
3.000000000004732215e-01 2.014641650319099497e+01
4.000000000004746425e-01 1.951959073305129877e+01
5.000000000004760636e-01 1.883559178113937449e+01
6.000000000004774847e-01 1.951634529232978821e+01
7.000000000004789058e-01 1.858003435015678306e+01
8.000000000004803269e-01 1.867052118182182241e+01
9.000000000004817480e-01 2.009454177021980215e+01
1.000000000000483169e+00 2.125115728139877191e+01
