-3.300000000000000000e+01 1.073934074741555444e-01
-3.289999999999999858e+01 3.380236347628169657e-02
-3.279999999999999716e+01 3.585582745632564378e-02
-3.269999999999999574e+01 2.635462468110290335e-02
-3.259999999999999432e+01 7.704804755718214215e-02
-3.249999999999999289e+01 2.014711484732106261e-01
-3.239999999999999147e+01 9.653410101367626561e-02
-3.229999999999999005e+01 1.592862910245230676e-02
-3.219999999999998863e+01 8.470666962750783568e-03
-3.209999999999998721e+01 1.889243830368286456e-02
-3.199999999999998579e+01 4.018601382309498066e-02
-3.189999999999998437e+01 1.846724414246636928e-02
-3.179999999999998295e+01 2.781745198858516423e-03
-3.169999999999998153e+01 1.486266450432594845e-02
-3.159999999999998010e+01 3.356245271973420929e-02
-3.149999999999997868e+01 1.627810573445685749e-02
-3.139999999999997726e+01 2.892336092132609393e-02
-3.129999999999997584e+01 4.633189496204068170e-02
-3.119999999999997442e+01 6.938524288318148603e-02
-3.109999999999997300e+01 1.292259006923268394e-01
-3.099999999999997158e+01 6.286511519780332846e-02
-3.089999999999997016e+01 2.156514014903223100e-02
-3.079999999999996874e+01 1.826239106260658246e-02
-3.069999999999996732e+01 4.303806758072823563e-02
-3.059999999999996589e+01 8.229198224544234663e-02
-3.049999999999996447e+01 9.481466803947113942e-02
-3.039999999999996305e+01 1.241975618142169002e-01
-3.029999999999996163e+01 7.121927428801427817e-02
-3.019999999999996021e+01 7.716725384983874614e-02
-3.009999999999995879e+01 1.499270506802713454e-01
-2.999999999999995737e+01 1.006655615364070444e-01
-2.989999999999995595e+01 8.766564927903346127e-02
-2.979999999999995453e+01 8.007071636679029270e-02
-2.969999999999995310e+01 2.187126428083501981e-02
-2.959999999999995168e+01 5.815706137946108443e-04
-2.949999999999995026e+01 4.032035011396146833e-03
-2.939999999999994884e+01 1.621529407262414790e-02
-2.929999999999994742e+01 1.486114505247087408e-02
-2.919999999999994600e+01 4.561778870352100126e-03
-2.909999999999994458e+01 1.262695531669123794e-02
-2.899999999999994316e+01 3.212606225107606656e-02
-2.889999999999994174e+01 1.534118125189934227e-02
-2.879999999999994031e+01 6.990917102924641170e-03
-2.869999999999993889e+01 1.132049343010237477e-02
-2.859999999999993747e+01 1.208490657669244669e-02
-2.849999999999993605e+01 2.936274015578419633e-02
-2.839999999999993463e+01 7.876205629117521978e-02
-2.829999999999993321e+01 8.794349864399919614e-02
-2.819999999999993179e+01 2.160887474677201658e-01
-2.809999999999993037e+01 7.074987779284128697e-01
-2.799999999999992895e+01 1.616330216205678960e+00
-2.789999999999992752e+01 2.235038990275934445e+00
-2.779999999999992610e+01 2.932205094788223665e+00
-2.769999999999992468e+01 3.359745385367423509e+00
-2.759999999999992326e+01 3.815227711554616707e+00
-2.749999999999992184e+01 3.757861026283353389e+00
-2.739999999999992042e+01 3.986107207834720612e+00
-2.729999999999991900e+01 4.017216731868684221e+00
-2.719999999999991758e+01 3.663063374906778247e+00
-2.709999999999991616e+01 2.526950243152677800e+00
-2.699999999999991473e+01 1.482257977062836352e+00
-2.689999999999991331e+01 9.122617873176932513e-01
-2.679999999999991189e+01 1.341639776611700752e+00
-2.669999999999991047e+01 1.363562383125536126e+00
-2.659999999999990905e+01 1.309800059641711423e+00
-2.649999999999990763e+01 1.910879952483810484e+00
-2.639999999999990621e+01 2.582588918097317165e+00
-2.629999999999990479e+01 2.886656467802822590e+00
-2.619999999999990337e+01 2.586986442618071980e+00
-2.609999999999990195e+01 3.607825515195727473e+00
-2.599999999999990052e+01 6.568624634370207716e+00
-2.589999999999989910e+01 8.820049689710140584e+00
-2.579999999999989768e+01 1.230766183286905324e+01
-2.569999999999989626e+01 1.532616975575685458e+01
-2.559999999999989484e+01 1.560279689297080097e+01
-2.549999999999989342e+01 1.305572770059108656e+01
-2.539999999999989200e+01 1.052908916443586307e+01
-2.529999999999989058e+01 9.190197681039570909e+00
-2.519999999999988916e+01 6.217377422302961421e+00
-2.509999999999988773e+01 4.131988917440176046e+00
-2.499999999999988631e+01 3.203265296863392120e+00
-2.489999999999988489e+01 1.782784577715210705e+00
-2.479999999999988347e+01 9.267429286791594167e-01
-2.469999999999988205e+01 8.746987208793871593e-01
-2.459999999999988063e+01 7.536516296528862346e-01
-2.449999999999987921e+01 8.112550214561633499e-01
-2.439999999999987779e+01 8.833988460362889317e-01
-2.429999999999987637e+01 8.712066797813168284e-01
-2.419999999999987494e+01 7.821835845423629197e-01
-2.409999999999987352e+01 1.107523659309372244e+00
-2.399999999999987210e+01 1.828657199572771841e+00
-2.389999999999987068e+01 2.739023500550538337e+00
-2.379999999999986926e+01 3.251583166457712615e+00
-2.369999999999986784e+01 3.334386055171489893e+00
-2.359999999999986642e+01 3.821000524200499182e+00
-2.349999999999986500e+01 5.004675921201705791e+00
-2.339999999999986358e+01 5.341840671747922542e+00
-2.329999999999986215e+01 6.257487852647900972e+00
-2.319999999999986073e+01 7.708090186864137827e+00
-2.309999999999985931e+01 9.029818532913923335e+00
-2.299999999999985789e+01 9.291235994994639924e+00
-2.289999999999985647e+01 9.865818395465613122e+00
-2.279999999999985505e+01 9.540815736204386610e+00
-2.269999999999985363e+01 9.209945084005594751e+00
-2.259999999999985221e+01 8.820872929394244721e+00
-2.249999999999985079e+01 8.618593729585409591e+00
-2.239999999999984936e+01 7.038521718010306572e+00
-2.229999999999984794e+01 5.324377745464444089e+00
-2.219999999999984652e+01 3.081889075785875232e+00
-2.209999999999984510e+01 2.127105515878647601e+00
-2.199999999999984368e+01 1.805309844715520695e+00
-2.189999999999984226e+01 1.803115175804123282e+00
-2.179999999999984084e+01 1.596101154172792969e+00
-2.169999999999983942e+01 1.733751614373177263e+00
-2.159999999999983800e+01 2.123827001471072506e+00
-2.149999999999983658e+01 2.463687161225825761e+00
-2.139999999999983515e+01 2.156089095734059935e+00
-2.129999999999983373e+01 2.136284510362893130e+00
-2.119999999999983231e+01 2.421635092794895083e+00
-2.109999999999983089e+01 2.747087712679058491e+00
-2.099999999999982947e+01 2.843424524366855444e+00
-2.089999999999982805e+01 4.297470861896872663e+00
-2.079999999999982663e+01 6.075327594429254852e+00
-2.069999999999982521e+01 7.009544463753700327e+00
-2.059999999999982379e+01 8.768057828247547647e+00
-2.049999999999982236e+01 1.018803902536630623e+01
-2.039999999999982094e+01 9.449419434070586377e+00
-2.029999999999981952e+01 9.708830684721469595e+00
-2.019999999999981810e+01 1.005206099033355649e+01
-2.009999999999981668e+01 9.858683321624994278e+00
-1.999999999999981526e+01 9.329312064498662238e+00
-1.989999999999981384e+01 9.745899753719568182e+00
-1.979999999999981242e+01 1.001550023585557980e+01
-1.969999999999981100e+01 1.066498976185917869e+01
-1.959999999999980957e+01 1.229108701974153561e+01
-1.949999999999980815e+01 1.384694889739155776e+01
-1.939999999999980673e+01 1.519771617591381130e+01
-1.929999999999980531e+01 1.636432587713003173e+01
-1.919999999999980389e+01 1.802330243527889309e+01
-1.909999999999980247e+01 1.773059713035821972e+01
-1.899999999999980105e+01 1.611042192816734442e+01
-1.889999999999979963e+01 1.464658289164304783e+01
-1.879999999999979821e+01 1.393200859755277676e+01
-1.869999999999979678e+01 1.203606282502412839e+01
-1.859999999999979536e+01 1.373876594826579023e+01
-1.849999999999979394e+01 1.577607871085405300e+01
-1.839999999999979252e+01 1.517254002690315318e+01
-1.829999999999979110e+01 1.320334398210048654e+01
-1.819999999999978968e+01 1.232588985800743053e+01
-1.809999999999978826e+01 1.115441295102238684e+01
-1.799999999999978684e+01 9.856397235095501586e+00
-1.789999999999978542e+01 1.012538859635591493e+01
-1.779999999999978400e+01 9.784546882063150264e+00
-1.769999999999978257e+01 1.102792818039655742e+01
-1.759999999999978115e+01 1.223499464288353877e+01
-1.749999999999977973e+01 1.531502062171697531e+01
-1.739999999999977831e+01 1.833858095914125386e+01
-1.729999999999977689e+01 1.959417930960655241e+01
-1.719999999999977547e+01 1.943813907474279290e+01
-1.709999999999977405e+01 1.830414158582687278e+01
-1.699999999999977263e+01 1.782391214400529833e+01
-1.689999999999977121e+01 1.904877609074115696e+01
-1.679999999999976978e+01 1.874236787855625153e+01
-1.669999999999976836e+01 1.636483885318040876e+01
-1.659999999999976694e+01 1.483882067263126459e+01
-1.649999999999976552e+01 1.300155751764774337e+01
-1.639999999999976410e+01 1.064208963096141858e+01
-1.629999999999976268e+01 8.915661615878343937e+00
-1.619999999999976126e+01 7.695935885161161671e+00
-1.609999999999975984e+01 7.888875944316387390e+00
-1.599999999999975842e+01 8.214791389852761583e+00
-1.589999999999975699e+01 8.368908661007880667e+00
-1.579999999999975557e+01 9.328593064695596127e+00
-1.569999999999975415e+01 1.035125444889068547e+01
-1.559999999999975273e+01 1.149025948435068045e+01
-1.549999999999975131e+01 1.258406142264604632e+01
-1.539999999999974989e+01 1.226220695197582167e+01
-1.529999999999974847e+01 1.277976378977298744e+01
-1.519999999999974705e+01 1.333366956651210700e+01
-1.509999999999974563e+01 1.543116877585649505e+01
-1.499999999999974420e+01 1.809839324831962415e+01
-1.489999999999974278e+01 2.194572577178478312e+01
-1.479999999999974136e+01 2.427089745461940851e+01
-1.469999999999973994e+01 2.290175164401531305e+01
-1.459999999999973852e+01 1.890795260578394021e+01
-1.449999999999973710e+01 1.652884913176298198e+01
-1.439999999999973568e+01 1.549963717341423042e+01
-1.429999999999973426e+01 1.514616705596447055e+01
-1.419999999999973284e+01 1.360843412607908220e+01
-1.409999999999973141e+01 1.345764829725027134e+01
-1.399999999999972999e+01 1.518433575123548529e+01
-1.389999999999972857e+01 1.668270390927791524e+01
-1.379999999999972715e+01 1.784682078540325278e+01
-1.369999999999972573e+01 1.935986501693725614e+01
-1.359999999999972431e+01 2.048232766836881780e+01
-1.349999999999972289e+01 2.060835150957107587e+01
-1.339999999999972147e+01 2.099228929102420693e+01
-1.329999999999972005e+01 2.100706014692783441e+01
-1.319999999999971863e+01 2.097640531301498257e+01
-1.309999999999971720e+01 1.990028060615062699e+01
-1.299999999999971578e+01 1.862061142086982812e+01
-1.289999999999971436e+01 1.670230302304029379e+01
-1.279999999999971294e+01 1.637390954345464777e+01
-1.269999999999971152e+01 1.649149591714143881e+01
-1.259999999999971010e+01 1.949884682476520581e+01
-1.249999999999970868e+01 2.146519994705915479e+01
-1.239999999999970726e+01 2.424642084062099556e+01
-1.229999999999970584e+01 2.697465240299701605e+01
-1.219999999999970441e+01 2.988395612895488895e+01
-1.209999999999970299e+01 3.116955519616603709e+01
-1.199999999999970157e+01 3.105433282315730992e+01
-1.189999999999970015e+01 2.958712750196457009e+01
-1.179999999999969873e+01 2.634702990770340136e+01
-1.169999999999969731e+01 2.502209742248058433e+01
-1.159999999999969589e+01 2.738572014391422371e+01
-1.149999999999969447e+01 2.921862895309925179e+01
-1.139999999999969305e+01 3.069918215990066557e+01
-1.129999999999969162e+01 3.147804737508296924e+01
-1.119999999999969020e+01 3.341163636684417781e+01
-1.109999999999968878e+01 3.731698845863342484e+01
-1.099999999999968736e+01 3.975579343974590074e+01
-1.089999999999968594e+01 4.105297907948494185e+01
-1.079999999999968452e+01 4.024455157577991571e+01
-1.069999999999968310e+01 3.876136872828006830e+01
-1.059999999999968168e+01 3.683717564642429210e+01
-1.049999999999968026e+01 3.555539287567138729e+01
-1.039999999999967883e+01 3.496565524160862282e+01
-1.029999999999967741e+01 3.579229164779186334e+01
-1.019999999999967599e+01 3.550984399437904671e+01
-1.009999999999967457e+01 3.507065343081951170e+01
-9.999999999999673150e+00 3.551227361083030587e+01
-9.899999999999671729e+00 3.464898215651512459e+01
-9.799999999999670308e+00 3.312331684708595247e+01
-9.699999999999668887e+00 3.310532263159751665e+01
-9.599999999999667466e+00 3.531678408563136884e+01
-9.499999999999666045e+00 3.732472281098365841e+01
-9.399999999999664624e+00 3.972613704085350150e+01
-9.299999999999663203e+00 4.007236698925495233e+01
-9.199999999999661782e+00 4.055967998981476086e+01
-9.099999999999660361e+00 3.848321498572826727e+01
-8.999999999999658939e+00 3.768584690451621810e+01
-8.899999999999657518e+00 3.712380770444870137e+01
-8.799999999999656097e+00 3.712141687095165565e+01
-8.699999999999654676e+00 3.501159520268440417e+01
-8.599999999999653255e+00 3.683548410356044656e+01
-8.499999999999651834e+00 3.568702554583549613e+01
-8.399999999999650413e+00 3.484501202821731880e+01
-8.299999999999648992e+00 3.319872992277145585e+01
-8.199999999999647571e+00 3.199905990362167429e+01
-8.099999999999646150e+00 2.982898736417293506e+01
-7.999999999999644729e+00 3.054583330810070052e+01
-7.899999999999643308e+00 2.934997200965881348e+01
-7.799999999999641886e+00 2.912214722692966618e+01
-7.699999999999640465e+00 3.066557197690010028e+01
-7.599999999999639044e+00 3.249625490844249498e+01
-7.499999999999637623e+00 3.366391794443130436e+01
-7.399999999999636202e+00 3.312894101083278997e+01
-7.299999999999634781e+00 2.939296502828598179e+01
-7.199999999999633360e+00 2.479551599144935636e+01
-7.099999999999631939e+00 2.125732546299695969e+01
-6.999999999999630518e+00 1.907819430559873553e+01
-6.899999999999629097e+00 1.834817754089832320e+01
-6.799999999999627676e+00 1.880794161856174540e+01
-6.699999999999626255e+00 1.940152469128370427e+01
-6.599999999999624833e+00 2.040835069835186033e+01
-6.499999999999623412e+00 2.094142891675233997e+01
-6.399999999999621991e+00 1.991892920762300534e+01
-6.299999999999620570e+00 1.786462574154138494e+01
-6.199999999999619149e+00 1.622850464791059366e+01
-6.099999999999617728e+00 1.532780407726764693e+01
-5.999999999999616307e+00 1.594562945336103432e+01
-5.899999999999614886e+00 1.836008066982030940e+01
-5.799999999999613465e+00 1.955447752684354867e+01
-5.699999999999612044e+00 1.963613777399062954e+01
-5.599999999999610623e+00 1.767682585954666052e+01
-5.499999999999609201e+00 1.676141562551260122e+01
-5.399999999999607780e+00 1.530652915865182884e+01
-5.299999999999606359e+00 1.275308664634823863e+01
-5.199999999999604938e+00 1.233891424074769105e+01
-5.099999999999603517e+00 1.054667028769850745e+01
-4.999999999999602096e+00 7.867922591865062820e+00
-4.899999999999600675e+00 6.444011410102247872e+00
-4.799999999999599254e+00 4.545246410667896697e+00
-4.699999999999597833e+00 2.449861083105206561e+00
-4.599999999999596412e+00 2.024273771708831049e+00
-4.499999999999594991e+00 1.306367915202863550e+00
-4.399999999999593570e+00 8.206061234854860054e-01
-4.299999999999592148e+00 1.006043968545272893e+00
-4.199999999999590727e+00 1.163497533714398680e+00
-4.099999999999589306e+00 6.852123727090656535e-01
-3.999999999999587885e+00 3.110376815334893741e-01
-3.899999999999586464e+00 1.630293721501948345e-01
-3.799999999999585043e+00 7.969657468527885369e-02
-3.699999999999583622e+00 9.180655150670062603e-02
-3.599999999999582201e+00 1.265205770957982256e-01
-3.499999999999580780e+00 1.707399426726624314e-01
-3.399999999999579359e+00 2.016831853345502079e-01
-3.299999999999577938e+00 1.624311640995438344e-01
-3.199999999999576517e+00 1.202162448031594971e-01
-3.099999999999575095e+00 1.226039857679825235e-01
-2.999999999999573674e+00 8.795126198293473641e-02
-2.899999999999572253e+00 9.447460368128304808e-02
-2.799999999999570832e+00 1.306941234113037364e-01
-2.699999999999569411e+00 2.161639129460672937e-01
-2.599999999999567990e+00 3.166225869563640827e-01
-2.499999999999566569e+00 3.206183191091986351e-01
-2.399999999999565148e+00 4.720716301805805148e-01
-2.299999999999563727e+00 9.425021402444690999e-01
-2.199999999999562306e+00 1.108535231803543963e+00
-2.099999999999560885e+00 1.645740120075642965e+00
-1.999999999999559464e+00 2.258616319559514363e+00
-1.899999999999558042e+00 4.879124003425240552e+00
-1.799999999999556621e+00 7.299759252965450251e+00
-1.699999999999555200e+00 1.234954194933176019e+01
-1.599999999999553779e+00 1.673887035131454581e+01
-1.499999999999552358e+00 1.919307297170162130e+01
-1.399999999999550937e+00 2.129836228847503676e+01
-1.299999999999549516e+00 2.316973910838365569e+01
-1.199999999999548095e+00 2.170966350913047904e+01
-1.099999999999546674e+00 2.036746442258358059e+01
-9.999999999995452526e-01 1.841989486008882437e+01
-8.999999999995438316e-01 1.655545448273420206e+01
-7.999999999995424105e-01 1.573415778309106905e+01
-6.999999999995409894e-01 1.709608389139175344e+01
-5.999999999995395683e-01 1.968319008737802633e+01
-4.999999999995381472e-01 2.419672589778900118e+01
-3.999999999995367261e-01 2.718692998647689762e+01
-2.999999999995353051e-01 2.758771046936512050e+01
-1.999999999995338840e-01 2.643967664241790771e+01
-9.999999999953246288e-02 2.329909481346607336e+01
4.689582056016661227e-13 2.087670055717229900e+01
1.000000000004703793e-01 1.909152057588100604e+01
2.000000000004718004e-01 1.724747391074895830e+01
3.000000000004732215e-01 1.674696434408426171e+01
4.000000000004746425e-01 1.562561107575893438e+01
5.000000000004760636e-01 1.508240076780319150e+01
6.000000000004774847e-01 1.752985741466283898e+01
7.000000000004789058e-01 1.935208260744810005e+01
8.000000000004803269e-01 2.080459847539663443e+01
9.000000000004817480e-01 2.216255140811204782e+01
1.000000000000483169e+00 2.116731728881597618e+01
