-3.300000000000000000e+01 2.320314446478732916e-04
-3.289999999999999858e+01 0.000000000000000000e+00
-3.279999999999999716e+01 2.971134199469815940e-04
-3.269999999999999574e+01 5.834733069059439524e-04
-3.259999999999999432e+01 2.753787224355619531e-04
-3.249999999999999289e+01 5.503427213989198728e-04
-3.239999999999999147e+01 9.068293904419988556e-05
-3.229999999999999005e+01 4.596010199747979858e-05
-3.219999999999998863e+01 1.046800749463727644e-04
-3.209999999999998721e+01 2.771644794847816297e-05
-3.199999999999998579e+01 3.649323018271388524e-04
-3.189999999999998437e+01 7.857328719182987697e-04
-3.179999999999998295e+01 2.286783174349693506e-04
-3.169999999999998153e+01 0.000000000000000000e+00
-3.159999999999998010e+01 1.946933625731617348e-05
-3.149999999999997868e+01 0.000000000000000000e+00
-3.139999999999997726e+01 0.000000000000000000e+00
-3.129999999999997584e+01 0.000000000000000000e+00
-3.119999999999997442e+01 4.615547717548907128e-05
-3.109999999999997300e+01 1.553576524020172666e-04
-3.099999999999997158e+01 1.155960105825215627e-04
-3.089999999999997016e+01 1.150835305452346802e-05
-3.079999999999996874e+01 0.000000000000000000e+00
-3.069999999999996732e+01 0.000000000000000000e+00
-3.059999999999996589e+01 2.254439002626895807e-05
-3.049999999999996447e+01 3.957510605687275637e-05
-3.039999999999996305e+01 1.218940800754353390e-05
-3.029999999999996163e+01 0.000000000000000000e+00
-3.019999999999996021e+01 0.000000000000000000e+00
-3.009999999999995879e+01 0.000000000000000000e+00
-2.999999999999995737e+01 0.000000000000000000e+00
-2.989999999999995595e+01 0.000000000000000000e+00
-2.979999999999995453e+01 0.000000000000000000e+00
-2.969999999999995310e+01 6.712389062158762921e-05
-2.959999999999995168e+01 0.000000000000000000e+00
-2.949999999999995026e+01 0.000000000000000000e+00
-2.939999999999994884e+01 1.227975334375287254e-02
-2.929999999999994742e+01 4.030769025790505167e-02
-2.919999999999994600e+01 1.238008301981608460e-02
-2.909999999999994458e+01 0.000000000000000000e+00
-2.899999999999994316e+01 0.000000000000000000e+00
-2.889999999999994174e+01 0.000000000000000000e+00
-2.879999999999994031e+01 0.000000000000000000e+00
-2.869999999999993889e+01 5.046178924385458708e-04
-2.859999999999993747e+01 1.121362731792032667e-03
-2.849999999999993605e+01 5.267913092393427697e-04
-2.839999999999993463e+01 1.006857573520392120e-04
-2.829999999999993321e+01 2.534543463843874438e-04
-2.819999999999993179e+01 3.621957421302795382e-02
-2.809999999999993037e+01 8.251183857209980210e-02
-2.799999999999992895e+01 3.644497606437653581e-02
-2.789999999999992752e+01 4.163157429546118088e-02
-2.779999999999992610e+01 9.305732354521750738e-02
-2.769999999999992468e+01 4.467508204746991479e-02
-2.759999999999992326e+01 6.439282737301254720e-04
-2.749999999999992184e+01 1.454972557257860801e-04
-2.739999999999992042e+01 3.730651102728188372e-05
-2.729999999999991900e+01 0.000000000000000000e+00
-2.719999999999991758e+01 3.755567609550780638e-04
-2.709999999999991616e+01 1.231303101230878279e-03
-2.699999999999991473e+01 3.658153727883473039e-04
-2.689999999999991331e+01 1.516041717695770850e-04
-2.679999999999991189e+01 4.953761789056443767e-04
-2.669999999999991047e+01 3.342480772698763584e-04
-2.659999999999990905e+01 4.281067729607457403e-04
-2.649999999999990763e+01 1.523306708259042385e-04
-2.639999999999990621e+01 1.800035935593768922e-04
-2.629999999999990479e+01 4.741822869982570497e-04
-2.619999999999990337e+01 1.509610608627553942e-04
-2.609999999999990195e+01 0.000000000000000000e+00
-2.599999999999990052e+01 2.358187364709010692e-02
-2.589999999999989910e+01 4.847006511052313893e-02
-2.579999999999989768e+01 2.502279650040691028e-02
-2.569999999999989626e+01 1.276758204039651944e-04
-2.559999999999989484e+01 4.369591224531177567e-05
-2.549999999999989342e+01 3.842206984700169631e-04
-2.539999999999989200e+01 6.325291142275090719e-05
-2.529999999999989058e+01 8.303734066430479424e-06
-2.519999999999988916e+01 9.229225048329681375e-05
-2.509999999999988773e+01 1.914054999360814799e-04
-2.499999999999988631e+01 5.758860090281814364e-05
-2.489999999999988489e+01 2.895657225508330116e-05
-2.479999999999988347e+01 1.019618095597252209e-05
-2.469999999999988205e+01 1.232604176038876196e-05
-2.459999999999988063e+01 2.737735630944371359e-05
-2.449999999999987921e+01 3.423287894111126835e-04
-2.439999999999987779e+01 8.611817378550767682e-04
-2.429999999999987637e+01 3.568285005167126634e-04
-2.419999999999987494e+01 2.758701793936779468e-07
-2.409999999999987352e+01 4.202703363262116584e-05
-2.399999999999987210e+01 0.000000000000000000e+00
-2.389999999999987068e+01 0.000000000000000000e+00
-2.379999999999986926e+01 0.000000000000000000e+00
-2.369999999999986784e+01 4.285569698913604974e-04
-2.359999999999986642e+01 1.066273278047447006e-03
-2.349999999999986500e+01 6.026638588809874082e-04
-2.339999999999986358e+01 1.093517932109534796e-02
-2.329999999999986215e+01 2.829434987943386590e-02
-2.319999999999986073e+01 1.108656382304616314e-02
-2.309999999999985931e+01 2.473333464295137795e-03
-2.299999999999985789e+01 6.861050453929351187e-03
-2.289999999999985647e+01 2.531699183746240981e-03
-2.279999999999985505e+01 0.000000000000000000e+00
-2.269999999999985363e+01 0.000000000000000000e+00
-2.259999999999985221e+01 0.000000000000000000e+00
-2.249999999999985079e+01 0.000000000000000000e+00
-2.239999999999984936e+01 6.743158562676399362e-03
-2.229999999999984794e+01 1.874180798447923693e-02
-2.219999999999984652e+01 7.816964278390514664e-03
-2.209999999999984510e+01 1.849172115325927682e-03
-2.199999999999984368e+01 1.017701340097119066e-03
-2.189999999999984226e+01 0.000000000000000000e+00
-2.179999999999984084e+01 0.000000000000000000e+00
-2.169999999999983942e+01 0.000000000000000000e+00
-2.159999999999983800e+01 1.146594673627987484e-05
-2.149999999999983658e+01 1.216285213013179579e-04
-2.139999999999983515e+01 3.511786367744207404e-04
-2.129999999999983373e+01 1.224415414617396913e-04
-2.119999999999983231e+01 9.082645224407315081e-04
-2.109999999999983089e+01 2.201675183605402743e-03
-2.099999999999982947e+01 3.577334107831120491e-03
-2.089999999999982805e+01 8.519623223401140075e-03
-2.079999999999982663e+01 1.609465427121904366e-02
-2.069999999999982521e+01 1.027344423858448930e-01
-2.059999999999982379e+01 2.339433293044567153e-01
-2.049999999999982236e+01 4.482760186493396914e-01
-2.039999999999982094e+01 8.568392850458621535e-01
-2.029999999999981952e+01 1.285836761891841817e+00
-2.019999999999981810e+01 1.727621737718582073e+00
-2.009999999999981668e+01 2.048970193862915234e+00
-1.999999999999981526e+01 2.141547542810440241e+00
-1.989999999999981384e+01 2.085249094963073535e+00
-1.979999999999981242e+01 1.894325482249259895e+00
-1.969999999999981100e+01 1.705266019105911246e+00
-1.959999999999980957e+01 1.505044274032115936e+00
-1.949999999999980815e+01 1.272057723104953686e+00
-1.939999999999980673e+01 1.008021779358386993e+00
-1.929999999999980531e+01 8.806269679963588670e-01
-1.919999999999980389e+01 7.330554270744323864e-01
-1.909999999999980247e+01 7.946004500985145436e-01
-1.899999999999980105e+01 8.899517878890037537e-01
-1.889999999999979963e+01 9.545252752304077548e-01
-1.879999999999979821e+01 9.480501160025596175e-01
-1.869999999999979678e+01 8.631558479368686143e-01
-1.859999999999979536e+01 8.559419247508048834e-01
-1.849999999999979394e+01 8.500729139149189040e-01
-1.839999999999979252e+01 8.618780958652496604e-01
-1.829999999999979110e+01 8.145974908769130218e-01
-1.819999999999978968e+01 7.657860115170478377e-01
-1.809999999999978826e+01 6.745489838719368469e-01
-1.799999999999978684e+01 6.082083503901958288e-01
-1.789999999999978542e+01 7.470063570141792786e-01
-1.779999999999978400e+01 7.679764464497566001e-01
-1.769999999999978257e+01 7.381279206275940252e-01
-1.759999999999978115e+01 6.087356780469417306e-01
-1.749999999999977973e+01 4.767631848156452246e-01
-1.739999999999977831e+01 4.378835454583168141e-01
-1.729999999999977689e+01 5.499456144869327989e-01
-1.719999999999977547e+01 7.023846758902072551e-01
-1.709999999999977405e+01 7.910498580336571273e-01
-1.699999999999977263e+01 7.322198255360126140e-01
-1.689999999999977121e+01 6.195139208436012401e-01
-1.679999999999976978e+01 5.361170352995395794e-01
-1.669999999999976836e+01 4.665869479626417182e-01
-1.659999999999976694e+01 4.490466523915529473e-01
-1.649999999999976552e+01 4.439684318751096481e-01
-1.639999999999976410e+01 4.669091840833425322e-01
-1.629999999999976268e+01 5.202963584661484120e-01
-1.619999999999976126e+01 5.166494037955999818e-01
-1.609999999999975984e+01 4.218236676603555613e-01
-1.599999999999975842e+01 3.271514812856912702e-01
-1.589999999999975699e+01 3.767033658921718486e-01
-1.579999999999975557e+01 3.649274577945471054e-01
-1.569999999999975415e+01 4.864315400272608003e-01
-1.559999999999975273e+01 7.235873852670192674e-01
-1.549999999999975131e+01 8.843475955724716675e-01
-1.539999999999974989e+01 8.130574183166027202e-01
-1.529999999999974847e+01 7.693733882904052468e-01
-1.519999999999974705e+01 5.422460149973631349e-01
-1.509999999999974563e+01 4.713009320944547831e-01
-1.499999999999974420e+01 5.800771927088499424e-01
-1.489999999999974278e+01 7.617090967297553972e-01
-1.479999999999974136e+01 8.441095568239689317e-01
-1.469999999999973994e+01 1.158819916248321480e+00
-1.459999999999973852e+01 1.261498076319694572e+00
-1.449999999999973710e+01 1.919121438860893258e+00
-1.439999999999973568e+01 2.795523244142532171e+00
-1.429999999999973426e+01 3.702693520188331533e+00
-1.419999999999973284e+01 4.372319773435592971e+00
-1.409999999999973141e+01 4.516497555971145772e+00
-1.399999999999972999e+01 3.788070623874664200e+00
-1.389999999999972857e+01 2.875203514695167328e+00
-1.379999999999972715e+01 1.961466874480247480e+00
-1.369999999999972573e+01 1.245768408179283249e+00
-1.359999999999972431e+01 8.245197835564613831e-01
-1.349999999999972289e+01 4.973426185548305289e-01
-1.339999999999972147e+01 2.986866374686360515e-01
-1.329999999999972005e+01 1.467483980627730389e-01
-1.319999999999971863e+01 8.094435048813465594e-02
-1.309999999999971720e+01 3.043753659907452030e-02
-1.299999999999971578e+01 2.228301623620836808e-02
-1.289999999999971436e+01 1.277794649045972675e-02
-1.279999999999971294e+01 9.135135394099052827e-03
-1.269999999999971152e+01 4.673290635168996475e-03
-1.259999999999971010e+01 3.076855697017890755e-03
-1.249999999999970868e+01 8.133338537318195519e-03
-1.239999999999970726e+01 1.655382240911421748e-02
-1.229999999999970584e+01 1.882597889984026496e-02
-1.219999999999970441e+01 8.875583471730351393e-02
-1.209999999999970299e+01 2.475720725208520878e-01
-1.199999999999970157e+01 7.077241699397563979e-01
-1.189999999999970015e+01 1.245993372201919636e+00
-1.179999999999969873e+01 1.785129865407943717e+00
-1.169999999999969731e+01 2.131530595421791130e+00
-1.159999999999969589e+01 2.226312777400016873e+00
-1.149999999999969447e+01 2.151267558932304258e+00
-1.139999999999969305e+01 2.041460486054420542e+00
-1.129999999999969162e+01 1.956048223972320477e+00
-1.119999999999969020e+01 1.826878962814807883e+00
-1.109999999999968878e+01 1.779410075247287670e+00
-1.099999999999968736e+01 1.774280164539814075e+00
-1.089999999999968594e+01 2.046218109726905876e+00
-1.079999999999968452e+01 2.250336549282073939e+00
-1.069999999999968310e+01 2.808112018704414403e+00
-1.059999999999968168e+01 3.109158434271812599e+00
-1.049999999999968026e+01 3.405351691246032875e+00
-1.039999999999967883e+01 3.427232206463813657e+00
-1.029999999999967741e+01 3.416185031533241379e+00
-1.019999999999967599e+01 3.130859611630439687e+00
-1.009999999999967457e+01 2.807540354132652460e+00
-9.999999999999673150e+00 2.464658512473106189e+00
-9.899999999999671729e+00 2.201439988017082072e+00
-9.799999999999670308e+00 1.993953511118888855e+00
-9.699999999999668887e+00 1.946326480507850620e+00
-9.599999999999667466e+00 2.052953369021415675e+00
-9.499999999999666045e+00 2.233883355259895342e+00
-9.399999999999664624e+00 2.474622237682342352e+00
-9.299999999999663203e+00 2.561876633763313205e+00
-9.199999999999661782e+00 2.668549205660819990e+00
-9.099999999999660361e+00 2.583682583570480418e+00
-8.999999999999658939e+00 2.430735381245613169e+00
-8.899999999999657518e+00 2.307446123957634043e+00
-8.799999999999656097e+00 2.399065089225769221e+00
-8.699999999999654676e+00 2.626116912961006022e+00
-8.599999999999653255e+00 2.824434962868690668e+00
-8.499999999999651834e+00 3.174574019908904976e+00
-8.399999999999650413e+00 3.471415244936943090e+00
-8.299999999999648992e+00 3.677371441125869556e+00
-8.199999999999647571e+00 3.790484265089034910e+00
-8.099999999999646150e+00 3.929931575059890658e+00
-7.999999999999644729e+00 4.157630345821380580e+00
-7.899999999999643308e+00 4.586302589178085753e+00
-7.799999999999641886e+00 5.073426350355147996e+00
-7.699999999999640465e+00 5.499519149065017487e+00
-7.599999999999639044e+00 5.709494619369507085e+00
-7.499999999999637623e+00 5.740013004541396846e+00
-7.399999999999636202e+00 5.510115934610366750e+00
-7.299999999999634781e+00 5.133530634641647161e+00
-7.199999999999633360e+00 4.598047535419464538e+00
-7.099999999999631939e+00 3.871818355321884120e+00
-6.999999999999630518e+00 3.019769990444183261e+00
-6.899999999999629097e+00 2.276683559417724823e+00
-6.799999999999627676e+00 1.634813540875911686e+00
-6.699999999999626255e+00 1.235556866526603681e+00
-6.599999999999624833e+00 9.609837640821933258e-01
-6.499999999999623412e+00 7.406309956312179255e-01
-6.399999999999621991e+00 5.360759787261486498e-01
-6.299999999999620570e+00 4.390919161587953368e-01
-6.199999999999619149e+00 1.889895580988377455e-01
-6.099999999999617728e+00 1.158974404167383843e-01
-5.999999999999616307e+00 4.962626212363829836e-02
-5.899999999999614886e+00 1.945162983796763084e-02
-5.799999999999613465e+00 8.733918422549322158e-03
-5.699999999999612044e+00 2.535415390011621587e-03
-5.599999999999610623e+00 1.154547042460762896e-03
-5.499999999999609201e+00 7.660348870558664420e-05
-5.399999999999607780e+00 2.367168077034875772e-04
-5.299999999999606359e+00 2.192202466540038672e-04
-5.199999999999604938e+00 8.948515992960892097e-04
-5.099999999999603517e+00 9.498603071551770145e-04
-4.999999999999602096e+00 4.399925563484430075e-04
-4.899999999999600675e+00 0.000000000000000000e+00
-4.799999999999599254e+00 0.000000000000000000e+00
-4.699999999999597833e+00 3.023910027695819801e-04
-4.599999999999596412e+00 1.042520645642070962e-03
-4.499999999999594991e+00 3.045888255292084198e-04
-4.399999999999593570e+00 0.000000000000000000e+00
-4.299999999999592148e+00 3.601417760364711203e-05
-4.199999999999590727e+00 0.000000000000000000e+00
-4.099999999999589306e+00 0.000000000000000000e+00
-3.999999999999587885e+00 4.418704309500753852e-05
-3.899999999999586464e+00 1.398313930258154891e-04
-3.799999999999585043e+00 4.779965012858155871e-05
-3.699999999999583622e+00 0.000000000000000000e+00
-3.599999999999582201e+00 2.152703367755748318e-05
-3.499999999999580780e+00 5.711384149867626244e-04
-3.399999999999579359e+00 3.061913026613183130e-05
-3.299999999999577938e+00 5.514719261555001438e-05
-3.199999999999576517e+00 4.618813691195100851e-06
-3.099999999999575095e+00 0.000000000000000000e+00
-2.999999999999573674e+00 3.226395871024578620e-05
-2.899999999999572253e+00 1.342155039310455383e-05
-2.799999999999570832e+00 0.000000000000000000e+00
-2.699999999999569411e+00 7.847330707591026479e-06
-2.599999999999567990e+00 7.447064534062520049e-05
-2.499999999999566569e+00 2.928107358457054848e-05
-2.399999999999565148e+00 0.000000000000000000e+00
-2.299999999999563727e+00 0.000000000000000000e+00
-2.199999999999562306e+00 0.000000000000000000e+00
-2.099999999999560885e+00 7.152353448327630845e-04
-1.999999999999559464e+00 1.483624514658003941e-03
-1.899999999999558042e+00 7.347671561728929710e-04
-1.799999999999556621e+00 6.481392627028981137e-04
-1.699999999999555200e+00 1.357273864850867557e-03
-1.599999999999553779e+00 2.100543680135160719e-03
-1.499999999999552358e+00 3.309870611483347810e-03
-1.399999999999550937e+00 5.421097877951979067e-03
-1.299999999999549516e+00 1.023505918395585523e-02
-1.199999999999548095e+00 1.246188155404524822e-02
-1.099999999999546674e+00 3.008763396763242809e-02
-9.999999999995452526e-01 2.449272491410374730e-01
-8.999999999995438316e-01 4.999479988217354065e-01
-7.999999999995424105e-01 1.078355630636215201e+00
-6.999999999995409894e-01 1.815588594675064060e+00
-5.999999999995395683e-01 2.595014821887016154e+00
-4.999999999995381472e-01 3.374712105989456035e+00
-3.999999999995367261e-01 4.197081985473633203e+00
-2.999999999995353051e-01 4.680506905317306732e+00
-1.999999999995338840e-01 5.190590676069259501e+00
-9.999999999953246288e-02 5.270650423765182779e+00
4.689582056016661227e-13 5.336304695606231441e+00
1.000000000004703793e-01 5.530186904668807912e+00
2.000000000004718004e-01 5.736820524930953624e+00
3.000000000004732215e-01 6.074154878854751693e+00
4.000000000004746425e-01 5.690650452375411561e+00
5.000000000004760636e-01 4.667591378688812576e+00
6.000000000004774847e-01 4.236360164880752954e+00
7.000000000004789058e-01 4.541924110651016200e+00
8.000000000004803269e-01 5.670281993150711131e+00
9.000000000004817480e-01 7.251584887504577637e+00
1.000000000000483169e+00 7.744071972370147883e+00
