-3.300000000000000000e+01 0.000000000000000000e+00
-3.289999999999999858e+01 0.000000000000000000e+00
-3.279999999999999716e+01 0.000000000000000000e+00
-3.269999999999999574e+01 0.000000000000000000e+00
-3.259999999999999432e+01 0.000000000000000000e+00
-3.249999999999999289e+01 0.000000000000000000e+00
-3.239999999999999147e+01 0.000000000000000000e+00
-3.229999999999999005e+01 0.000000000000000000e+00
-3.219999999999998863e+01 0.000000000000000000e+00
-3.209999999999998721e+01 0.000000000000000000e+00
-3.199999999999998579e+01 0.000000000000000000e+00
-3.189999999999998437e+01 0.000000000000000000e+00
-3.179999999999998295e+01 0.000000000000000000e+00
-3.169999999999998153e+01 0.000000000000000000e+00
-3.159999999999998010e+01 0.000000000000000000e+00
-3.149999999999997868e+01 0.000000000000000000e+00
-3.139999999999997726e+01 0.000000000000000000e+00
-3.129999999999997584e+01 0.000000000000000000e+00
-3.119999999999997442e+01 0.000000000000000000e+00
-3.109999999999997300e+01 0.000000000000000000e+00
-3.099999999999997158e+01 0.000000000000000000e+00
-3.089999999999997016e+01 0.000000000000000000e+00
-3.079999999999996874e+01 0.000000000000000000e+00
-3.069999999999996732e+01 0.000000000000000000e+00
-3.059999999999996589e+01 0.000000000000000000e+00
-3.049999999999996447e+01 0.000000000000000000e+00
-3.039999999999996305e+01 0.000000000000000000e+00
-3.029999999999996163e+01 0.000000000000000000e+00
-3.019999999999996021e+01 3.429516549658728547e-04
-3.009999999999995879e+01 7.825903245247900703e-04
-2.999999999999995737e+01 3.066813695113523972e-04
-2.989999999999995595e+01 0.000000000000000000e+00
-2.979999999999995453e+01 0.000000000000000000e+00
-2.969999999999995310e+01 2.138729512807913233e-04
-2.959999999999995168e+01 5.992466089082881591e-04
-2.949999999999995026e+01 2.260041359477327259e-04
-2.939999999999994884e+01 0.000000000000000000e+00
-2.929999999999994742e+01 0.000000000000000000e+00
-2.919999999999994600e+01 0.000000000000000000e+00
-2.909999999999994458e+01 0.000000000000000000e+00
-2.899999999999994316e+01 0.000000000000000000e+00
-2.889999999999994174e+01 0.000000000000000000e+00
-2.879999999999994031e+01 0.000000000000000000e+00
-2.869999999999993889e+01 0.000000000000000000e+00
-2.859999999999993747e+01 0.000000000000000000e+00
-2.849999999999993605e+01 0.000000000000000000e+00
-2.839999999999993463e+01 0.000000000000000000e+00
-2.829999999999993321e+01 1.572529399709310518e-05
-2.819999999999993179e+01 0.000000000000000000e+00
-2.809999999999993037e+01 0.000000000000000000e+00
-2.799999999999992895e+01 0.000000000000000000e+00
-2.789999999999992752e+01 0.000000000000000000e+00
-2.779999999999992610e+01 0.000000000000000000e+00
-2.769999999999992468e+01 0.000000000000000000e+00
-2.759999999999992326e+01 0.000000000000000000e+00
-2.749999999999992184e+01 0.000000000000000000e+00
-2.739999999999992042e+01 0.000000000000000000e+00
-2.729999999999991900e+01 0.000000000000000000e+00
-2.719999999999991758e+01 0.000000000000000000e+00
-2.709999999999991616e+01 0.000000000000000000e+00
-2.699999999999991473e+01 0.000000000000000000e+00
-2.689999999999991331e+01 0.000000000000000000e+00
-2.679999999999991189e+01 0.000000000000000000e+00
-2.669999999999991047e+01 0.000000000000000000e+00
-2.659999999999990905e+01 0.000000000000000000e+00
-2.649999999999990763e+01 0.000000000000000000e+00
-2.639999999999990621e+01 0.000000000000000000e+00
-2.629999999999990479e+01 0.000000000000000000e+00
-2.619999999999990337e+01 1.110762386815622415e-05
-2.609999999999990195e+01 0.000000000000000000e+00
-2.599999999999990052e+01 1.160061558493907762e-05
-2.589999999999989910e+01 3.284302865722565776e-05
-2.579999999999989768e+01 2.129516360582783818e-05
-2.569999999999989626e+01 1.096434898499865017e-05
-2.559999999999989484e+01 2.553937301854603128e-05
-2.549999999999989342e+01 2.266608280478976802e-05
-2.539999999999989200e+01 0.000000000000000000e+00
-2.529999999999989058e+01 0.000000000000000000e+00
-2.519999999999988916e+01 2.989197582792257890e-06
-2.509999999999988773e+01 0.000000000000000000e+00
-2.499999999999988631e+01 0.000000000000000000e+00
-2.489999999999988489e+01 0.000000000000000000e+00
-2.479999999999988347e+01 0.000000000000000000e+00
-2.469999999999988205e+01 5.273352842777967019e-04
-2.459999999999988063e+01 1.046288805082440420e-03
-2.449999999999987921e+01 5.544013925828039863e-04
-2.439999999999987779e+01 0.000000000000000000e+00
-2.429999999999987637e+01 0.000000000000000000e+00
-2.419999999999987494e+01 0.000000000000000000e+00
-2.409999999999987352e+01 0.000000000000000000e+00
-2.399999999999987210e+01 0.000000000000000000e+00
-2.389999999999987068e+01 0.000000000000000000e+00
-2.379999999999986926e+01 0.000000000000000000e+00
-2.369999999999986784e+01 0.000000000000000000e+00
-2.359999999999986642e+01 0.000000000000000000e+00
-2.349999999999986500e+01 0.000000000000000000e+00
-2.339999999999986358e+01 0.000000000000000000e+00
-2.329999999999986215e+01 0.000000000000000000e+00
-2.319999999999986073e+01 0.000000000000000000e+00
-2.309999999999985931e+01 2.509539976017549417e-04
-2.299999999999985789e+01 6.293015030678361654e-04
-2.289999999999985647e+01 2.571379824075848081e-04
-2.279999999999985505e+01 0.000000000000000000e+00
-2.269999999999985363e+01 0.000000000000000000e+00
-2.259999999999985221e+01 0.000000000000000000e+00
-2.249999999999985079e+01 0.000000000000000000e+00
-2.239999999999984936e+01 0.000000000000000000e+00
-2.229999999999984794e+01 0.000000000000000000e+00
-2.219999999999984652e+01 2.191829262301325934e-05
-2.209999999999984510e+01 0.000000000000000000e+00
-2.199999999999984368e+01 4.932905284249500255e-08
-2.189999999999984226e+01 6.860973662696779045e-05
-2.179999999999984084e+01 5.612255053733860915e-04
-2.169999999999983942e+01 3.042305266717448831e-03
-2.159999999999983800e+01 2.813500123638732614e-02
-2.149999999999983658e+01 1.306195587038018746e-01
-2.139999999999983515e+01 7.556628906168043613e-01
-2.129999999999983373e+01 1.631481865793466657e+00
-2.119999999999983231e+01 2.833907760679721832e+00
-2.109999999999983089e+01 3.785113678872585208e+00
-2.099999999999982947e+01 3.748105202615261256e+00
-2.089999999999982805e+01 2.964467006921768011e+00
-2.079999999999982663e+01 2.023580617457628072e+00
-2.069999999999982521e+01 1.000035343319177539e+00
-2.059999999999982379e+01 2.841562037821859232e-01
-2.049999999999982236e+01 7.641544147027161393e-02
-2.039999999999982094e+01 3.402823712331155825e-02
-2.029999999999981952e+01 5.124194329891906645e-03
-2.019999999999981810e+01 8.032770188219729574e-03
-2.009999999999981668e+01 1.553084986721842142e-02
-1.999999999999981526e+01 2.201999881528991093e-02
-1.989999999999981384e+01 2.014593686535590816e-02
-1.979999999999981242e+01 1.295503637502406526e-02
-1.969999999999981100e+01 5.527452707929115042e-03
-1.959999999999980957e+01 6.419314464437775531e-04
-1.949999999999980815e+01 1.222543979565671125e-04
-1.939999999999980673e+01 8.499346557073294683e-04
-1.929999999999980531e+01 1.511528771425219107e-03
-1.919999999999980389e+01 9.061910152013297626e-04
-1.909999999999980247e+01 1.080881037645440267e-02
-1.899999999999980105e+01 2.341055262533444509e-02
-1.889999999999979963e+01 3.827781696338206641e-01
-1.879999999999979821e+01 7.730327798053622246e-01
-1.869999999999979678e+01 2.020757770165801048e+00
-1.859999999999979536e+01 3.623041749000549316e+00
-1.849999999999979394e+01 5.488216464221477686e+00
-1.839999999999979252e+01 6.672868783771991552e+00
-1.829999999999979110e+01 6.701354169845581410e+00
-1.819999999999978968e+01 5.576362641155720112e+00
-1.809999999999978826e+01 3.906412160396576017e+00
-1.799999999999978684e+01 2.259142570942640482e+00
-1.789999999999978542e+01 1.057406061328947544e+00
-1.779999999999978400e+01 4.943304891698062642e-01
-1.769999999999978257e+01 4.902037179181206739e-02
-1.759999999999978115e+01 1.771946714261503006e-02
-1.749999999999977973e+01 1.330612508998640919e-02
-1.739999999999977831e+01 9.286275781823860945e-03
-1.729999999999977689e+01 6.569057560227520298e-03
-1.719999999999977547e+01 8.581707247867598892e-03
-1.709999999999977405e+01 8.704462452806182790e-03
-1.699999999999977263e+01 5.153428982794139301e-03
-1.689999999999977121e+01 1.870766729666684114e-03
-1.679999999999976978e+01 1.026991345042915782e-03
-1.669999999999976836e+01 7.413104936858872169e-04
-1.659999999999976694e+01 6.525502562453767020e-04
-1.649999999999976552e+01 2.105533408484916609e-03
-1.639999999999976410e+01 4.875084744162450426e-03
-1.629999999999976268e+01 7.606330749467815622e-03
-1.619999999999976126e+01 1.370731760453054379e-02
-1.609999999999975984e+01 9.494180417095775953e-03
-1.599999999999975842e+01 3.989027476882256798e-03
-1.589999999999975699e+01 2.542548892415652604e-03
-1.579999999999975557e+01 2.222519475569129273e-03
-1.569999999999975415e+01 3.765758784720673984e-03
-1.559999999999975273e+01 5.294834572896434284e-03
-1.549999999999975131e+01 6.178079517940204997e-03
-1.539999999999974989e+01 1.138392833119723918e-01
-1.529999999999974847e+01 2.421417830279097017e-01
-1.519999999999974705e+01 9.889186570420861466e-01
-1.509999999999974563e+01 2.158816210180520834e+00
-1.499999999999974420e+01 4.193327406048775075e+00
-1.489999999999974278e+01 5.947451645135879872e+00
-1.479999999999974136e+01 7.025148046016693293e+00
-1.469999999999973994e+01 6.937922818958758953e+00
-1.459999999999973852e+01 5.613017928600311457e+00
-1.449999999999973710e+01 3.655666223913430990e+00
-1.439999999999973568e+01 2.089481055736541748e+00
-1.429999999999973426e+01 9.122564496472478357e-01
-1.419999999999973284e+01 3.548841273877769709e-01
-1.409999999999973141e+01 1.097115545184351448e-01
-1.399999999999972999e+01 2.809517458063055459e-02
-1.389999999999972857e+01 3.794551113624038130e-02
-1.379999999999972715e+01 5.617564621170458711e-02
-1.369999999999972573e+01 4.228090914039057957e-02
-1.359999999999972431e+01 3.067236229376248818e-02
-1.349999999999972289e+01 2.012379688912915160e-02
-1.339999999999972147e+01 7.135240930026043316e-03
-1.329999999999972005e+01 1.616546690231189243e-01
-1.319999999999971863e+01 3.679341512499377242e-01
-1.309999999999971720e+01 9.314334936439990775e-01
-1.299999999999971578e+01 1.844470606371760413e+00
-1.289999999999971436e+01 2.841059200465679169e+00
-1.279999999999971294e+01 3.605554445832967581e+00
-1.269999999999971152e+01 3.663109150528907954e+00
-1.259999999999971010e+01 2.864280351251363932e+00
-1.249999999999970868e+01 1.898391915857791989e+00
-1.239999999999970726e+01 1.023247595876455307e+00
-1.229999999999970584e+01 2.210612160852178931e-01
-1.219999999999970441e+01 6.638827083555724762e-02
-1.209999999999970299e+01 2.709637404386739876e-02
-1.199999999999970157e+01 2.247133193122863304e-02
-1.189999999999970015e+01 2.647114491246611509e-02
-1.179999999999969873e+01 3.140332159004174395e-01
-1.169999999999969731e+01 6.437476251740008593e-01
-1.159999999999969589e+01 1.352878777496516749e+00
-1.149999999999969447e+01 2.273416954278945745e+00
-1.139999999999969305e+01 3.140319295227527618e+00
-1.129999999999969162e+01 3.708727665245532990e+00
-1.119999999999969020e+01 3.931945002079010099e+00
-1.109999999999968878e+01 3.779963361471891492e+00
-1.099999999999968736e+01 3.847156119346618830e+00
-1.089999999999968594e+01 3.919314401596784680e+00
-1.079999999999968452e+01 4.073708351701498032e+00
-1.069999999999968310e+01 3.886088510602712542e+00
-1.059999999999968168e+01 3.612156410515308558e+00
-1.049999999999968026e+01 3.636990382522344412e+00
-1.039999999999967883e+01 4.147437165677547277e+00
-1.029999999999967741e+01 5.270048367977142156e+00
-1.019999999999967599e+01 6.200828285515308735e+00
-1.009999999999967457e+01 6.429561750590801594e+00
-9.999999999999673150e+00 5.789796808362007496e+00
-9.899999999999671729e+00 4.376074194163083853e+00
-9.799999999999670308e+00 2.918054227530956446e+00
-9.699999999999668887e+00 1.615924546122550876e+00
-9.599999999999667466e+00 7.399683055467903836e-01
-9.499999999999666045e+00 3.120717226294800750e-01
-9.399999999999664624e+00 6.107478484511374983e-01
-9.299999999999663203e+00 1.324483571760356471e+00
-9.199999999999661782e+00 2.421588570624590098e+00
-9.099999999999660361e+00 3.313611401617527097e+00
-8.999999999999658939e+00 3.691360314935445697e+00
-8.899999999999657518e+00 3.569812021404504598e+00
-8.799999999999656097e+00 3.201492648571729660e+00
-8.699999999999654676e+00 2.722382931411266416e+00
-8.599999999999653255e+00 2.890166475623845876e+00
-8.499999999999651834e+00 3.309411384165287018e+00
-8.399999999999650413e+00 3.941470469534396948e+00
-8.299999999999648992e+00 4.448229628801345648e+00
-8.199999999999647571e+00 4.703383192420005798e+00
-8.099999999999646150e+00 4.740972138941287994e+00
-7.999999999999644729e+00 4.546500885486603138e+00
-7.899999999999643308e+00 3.898970963805914014e+00
-7.799999999999641886e+00 2.986699347943067462e+00
-7.699999999999640465e+00 2.013503526896238238e+00
-7.599999999999639044e+00 1.071760984696447760e+00
-7.499999999999637623e+00 4.817184057086706384e-01
-7.399999999999636202e+00 8.047332879723398391e-02
-7.299999999999634781e+00 3.323205279903049952e-02
-7.199999999999633360e+00 1.445795549479953444e-02
-7.099999999999631939e+00 7.879407245718538996e-03
-6.999999999999630518e+00 4.551758090656221611e-03
-6.899999999999629097e+00 1.950767316331621370e-01
-6.799999999999627676e+00 3.921276558190583961e-01
-6.699999999999626255e+00 1.397683567553758666e+00
-6.599999999999624833e+00 2.755853522568941116e+00
-6.499999999999623412e+00 4.725540733337401988e+00
-6.399999999999621991e+00 6.515708926320075811e+00
-6.299999999999620570e+00 7.331418393552302959e+00
-6.199999999999619149e+00 6.675944879651069641e+00
-6.099999999999617728e+00 5.126405493915081379e+00
-5.999999999999616307e+00 3.133395436406135381e+00
-5.899999999999614886e+00 1.450963069126010030e+00
-5.799999999999613465e+00 5.552929189056158288e-01
-5.699999999999612044e+00 9.162363764480688233e-02
-5.599999999999610623e+00 1.024802572474072838e-02
-5.499999999999609201e+00 5.901810149862285297e-03
-5.399999999999607780e+00 1.641691483769136539e-03
-5.299999999999606359e+00 1.162870777079660857e-04
-5.199999999999604938e+00 9.040646000357810747e-06
-5.099999999999603517e+00 0.000000000000000000e+00
-4.999999999999602096e+00 0.000000000000000000e+00
-4.899999999999600675e+00 0.000000000000000000e+00
-4.799999999999599254e+00 0.000000000000000000e+00
-4.699999999999597833e+00 2.177878632210195065e-04
-4.599999999999596412e+00 4.908899660222232559e-04
-4.499999999999594991e+00 6.823705451097338958e-04
-4.399999999999593570e+00 8.993613766506314711e-04
-4.299999999999592148e+00 4.745906917378306389e-04
-4.199999999999590727e+00 0.000000000000000000e+00
-4.099999999999589306e+00 0.000000000000000000e+00
-3.999999999999587885e+00 0.000000000000000000e+00
-3.899999999999586464e+00 0.000000000000000000e+00
-3.799999999999585043e+00 0.000000000000000000e+00
-3.699999999999583622e+00 1.646421578698209419e-05
-3.599999999999582201e+00 0.000000000000000000e+00
-3.499999999999580780e+00 0.000000000000000000e+00
-3.399999999999579359e+00 0.000000000000000000e+00
-3.299999999999577938e+00 1.825690242185373706e-06
-3.199999999999576517e+00 0.000000000000000000e+00
-3.099999999999575095e+00 0.000000000000000000e+00
-2.999999999999573674e+00 0.000000000000000000e+00
-2.899999999999572253e+00 0.000000000000000000e+00
-2.799999999999570832e+00 0.000000000000000000e+00
-2.699999999999569411e+00 2.169451472764194304e-03
-2.599999999999567990e+00 5.130006401850550554e-03
-2.499999999999566569e+00 2.538217833853195857e-03
-2.399999999999565148e+00 1.708115116571207182e-03
-2.299999999999563727e+00 2.886191031859652693e-03
-2.199999999999562306e+00 3.264405060326680454e-03
-2.099999999999560885e+00 3.205515301942796214e-03
-1.999999999999559464e+00 6.397899723378941417e-02
-1.899999999999558042e+00 2.748042674968019239e-01
-1.799999999999556621e+00 6.950498680584132893e-01
-1.699999999999555200e+00 2.144739181548357188e+00
-1.599999999999553779e+00 3.907060235738754272e+00
-1.499999999999552358e+00 5.825684380531311213e+00
-1.399999999999550937e+00 7.202409611642361043e+00
-1.299999999999549516e+00 7.154506114125251948e+00
-1.199999999999548095e+00 6.142760190367698492e+00
-1.099999999999546674e+00 4.369714213907718303e+00
-9.999999999995452526e-01 3.353248963505029767e+00
-8.999999999995438316e-01 2.995978595316409976e+00
-7.999999999995424105e-01 3.449870478361845016e+00
-6.999999999995409894e-01 3.687137921154499232e+00
-5.999999999995395683e-01 3.480296140909195035e+00
-4.999999999995381472e-01 2.865253512561321436e+00
-3.999999999995367261e-01 2.494046650081872762e+00
-2.999999999995353051e-01 3.025688076764345258e+00
-1.999999999995338840e-01 4.543034836649894714e+00
-9.999999999953246288e-02 6.775378140807151617e+00
4.689582056016661227e-13 9.083655121922493691e+00
1.000000000004703793e-01 1.073274257183074987e+01
2.000000000004718004e-01 1.178132943212986028e+01
3.000000000004732215e-01 1.203431180119514465e+01
4.000000000004746425e-01 1.131035212576389348e+01
5.000000000004760636e-01 1.014116237461566961e+01
6.000000000004774847e-01 1.034817776978015935e+01
7.000000000004789058e-01 1.161132079660892558e+01
8.000000000004803269e-01 1.361604588925838399e+01
9.000000000004817480e-01 1.591680154502391886e+01
1.000000000000483169e+00 1.666897653937339641e+01
